track_id,key,mode,time_signature,duration_ms,tempo,danceability,energy,loudness,speechiness,acousticness,instrumentalness,liveness,valence
1uLvPbmVQdSazw4up0j2sD,2,0,4,398707,134.942,0.468,0.917,-4.981,0.0692,0.00112,0.00427,0.065,0.331
3rvWnI645ZIz2je56iXIyB,8,1,4,192683,162.025,0.647,0.886,-3.706,0.259,0.229,0.0,0.515,0.681
02WitL66kM2ObNDkM95rFD,0,1,4,351277,169.999,0.384,0.964,-3.378,0.105,0.00022,0.00135,0.107,0.378
1nmaCgWSxAtNlo35OpKzW6,4,0,4,233268,87.98,0.338,0.69,-7.843,0.0378,0.0331,0.117,0.06,0.302
6EJfuLTl01JoGXt8rtM1rd,8,1,3,811067,94.976,0.19,0.826,-10.051,0.0565,2.75e-05,0.38,0.13,0.123
32mo62HV6UnPv93OopHCxs,1,0,4,283079,145.0,0.469,0.974,-3.193,0.0455,0.000347,7.97e-05,0.103,0.534
5u3l2TONYacJgmRPQVaF9y,6,1,4,248747,191.014,0.374,0.92,-4.653,0.0501,1.62e-05,0.026,0.0802,0.278
5D8vKv4c8AXWZpO9OSpMN5,7,0,4,407560,93.0,0.378,0.7,-6.401,0.0314,0.000379,0.000767,0.257,0.136
0p21vI2StdprWPtAGftM5c,6,0,4,79840,68.535,0.148,0.105,-23.824,0.042,0.857,0.89,0.117,0.0392
5iwivX7D5NkkUA9EzdiTsN,1,0,4,424533,170.03,0.252,0.902,-5.0,0.0857,0.00119,0.0358,0.0815,0.326
1W44nFtYiD7WLRPUT2QNvj,6,1,5,280680,75.642,0.184,0.376,-7.023,0.0341,0.695,0.000577,0.112,0.114
5JfXImbIiGSH2tOUWnGJty,0,0,4,229880,139.967,0.437,0.794,-6.751,0.0487,0.00181,2.34e-06,0.134,0.347
797Hv92nvrmVBaCFV2QLqV,1,0,3,262667,160.054,0.428,0.972,-7.825,0.103,0.000122,0.0365,0.1,0.253
55soLA9gH7BZYJI4nC7YCq,2,0,4,232627,102.026,0.459,0.904,-7.688,0.0598,0.000227,6.41e-06,0.178,0.375
6CWnIJ2LM61ggbFEILAQ7O,11,0,4,227047,150.0,0.512,0.899,-4.519,0.0388,0.0427,0.0,0.112,0.412
44mommx98x2Dh3Ud9fdbym,10,0,4,221467,169.97,0.303,0.939,-6.377,0.0671,5.55e-05,0.0128,0.108,0.369
7bNE3eCS7Yb17EzzizTl2J,1,0,4,346013,149.974,0.369,0.885,-8.479,0.0954,0.000799,0.00106,0.0816,0.141
0G7PB21lJjVXk179sKqMR5,7,0,4,353040,125.0,0.457,0.736,-4.421,0.0354,0.0035,0.000311,0.131,0.194
1soQioDEI2VnBLCYxfggpC,2,0,4,316013,95.001,0.452,0.898,-5.051,0.0561,0.0056,0.00554,0.0503,0.191
2s6hZEdj3K3TN4MWUypf1a,7,0,4,326640,125.083,0.519,0.947,-4.665,0.0508,0.00122,0.003,0.0604,0.504
61OCizJgUBZQAtgOC8Pfbh,4,0,4,428266,96.984,0.475,0.915,-7.666,0.0453,0.000176,0.0109,0.394,0.236
373crAFbPE4uwBmFsgpJeU,9,1,4,261547,105.981,0.503,0.867,-4.165,0.0477,0.000185,0.118,0.0764,0.226
0sObxZUKqdPfgjG9ahSlP5,6,1,4,270253,129.704,0.506,0.967,-2.973,0.0451,6.59e-05,0.41,0.167,0.488
6JmzfkojV1f2CNQbQkeMbx,7,0,4,336953,105.028,0.434,0.631,-6.381,0.0273,0.436,0.887,0.167,0.0372
3txTmJ7Hu8DSOy6RTzSKnV,8,0,4,310893,154.907,0.438,0.975,-5.84,0.176,0.00294,0.0632,0.16,0.291
0NS3Lon2aNCcIzl7jf2GuF,2,0,4,288627,174.905,0.296,0.869,-4.701,0.0457,5.45e-06,7.83e-05,0.132,0.154
0glfTuUIhuNzNofc0p9b1x,4,0,4,214634,136.003,0.718,0.883,-5.837,0.129,0.599,0.0,0.238,0.41
3iy4s2X2SKl0dUPv2sewTW,8,1,4,292369,104.027,0.511,0.877,-7.724,0.0542,0.000374,0.0,0.296,0.279
7ldJhE5mB9ukNh3OjuX85T,4,1,3,153927,109.959,0.496,0.926,-3.257,0.041,5.51e-05,0.787,0.293,0.49
3Op2bVsGwXrHxWs7XhR5bX,7,0,4,530000,165.018,0.13,0.934,-5.326,0.0788,5.48e-05,0.601,0.102,0.146
7xPGvZaG9W7UOrCgEwbONe,8,0,3,189893,81.247,0.583,0.415,-7.56,0.0261,0.846,5.2e-05,0.141,0.399
0B6qYQS41EcbC66r7c4DBB,8,0,3,234533,185.66,0.176,0.726,-7.074,0.0537,0.0575,3.01e-06,0.148,0.374
76BnKXeTKVishfp3cachG8,8,1,4,328973,185.019,0.373,0.994,-3.218,0.141,0.000288,0.000123,0.311,0.3
43LTBUA8nPfm7awbfoLlRY,8,0,3,566200,125.004,0.294,0.782,-6.825,0.0481,0.0053,0.0671,0.122,0.331
0d4djcbgvUDfZL36z9lC3U,5,0,4,364168,136.02,0.442,0.882,-8.53,0.0543,0.00226,0.000565,0.0747,0.119
7ycz6sgZWp4wvF53BZVTjE,2,1,3,398267,127.284,0.321,0.544,-7.179,0.0364,0.293,1.11e-05,0.11,0.283
0eV3PB3T0OxW4feG1DlOjQ,1,1,4,231387,90.997,0.577,0.901,-5.981,0.0492,0.000431,3.59e-06,0.672,0.337
3BsT7xB5kUsCDrmkBvkYVF,4,0,4,272000,140.004,0.56,0.897,-7.842,0.0332,0.000295,0.0,0.113,0.626
3aJymuSkVjznisc20MND55,0,1,4,308787,157.12,0.375,0.937,-7.17,0.0859,4.15e-05,2.39e-05,0.262,0.388
1eRuo0cdRSqJClg7G6ZjdT,4,0,5,181867,127.418,0.17,0.0504,-29.687,0.0377,0.759,0.948,0.112,0.0963
2jq0oPC9XewR59CvEYpMoJ,9,0,4,252259,149.055,0.352,0.923,-6.018,0.0934,0.00486,0.00013,0.104,0.229
2GtIcy01Jy17wmNyFoB7IT,7,1,4,238254,105.009,0.547,0.932,-2.616,0.0431,0.00409,3.57e-05,0.0391,0.541
5TxotO7jpRFwG1dR1suT7G,4,0,4,264411,110.027,0.295,0.755,-7.916,0.0335,0.0367,0.0251,0.176,0.142
73bDvrmSBh2fr53tLDH9oA,9,0,4,257320,91.02,0.509,0.856,-5.091,0.0553,0.00895,0.0108,0.424,0.427
3grQiRfMVcH8hhWbJwhTDE,6,1,4,351400,131.987,0.497,0.983,-2.649,0.112,0.00025,0.000627,0.162,0.312
2SY45aKTUdG1YgjPtk2bQI,11,0,4,208720,76.025,0.444,0.929,-5.596,0.043,0.000335,0.00277,0.0708,0.854
5YcB0wui6lsi7q9M5WAjkv,11,1,4,256280,175.102,0.351,0.984,-4.569,0.121,2.98e-05,0.0139,0.419,0.242
4YclgDlBpvIMIODhMBlMVc,0,1,4,407696,128.107,0.643,0.668,-6.927,0.0313,0.00193,0.132,0.267,0.836
6EAsLKCDMQV3BRRb9OdaMJ,5,0,3,432987,134.883,0.362,0.742,-6.99,0.0321,4.44e-06,0.809,0.37,0.351
6qobquz9g66ZbGP0eCEB5T,3,0,4,207317,144.1,0.662,0.677,-7.347,0.146,0.4,0.00319,0.132,0.5
4JjpjTQQUTqKwCKuDnYhQP,9,0,4,334120,176.232,0.315,0.53,-6.937,0.0296,0.0847,0.000258,0.0793,0.0693
72jGeL3qwyOrmByT0DUWdj,4,0,4,259500,144.033,0.385,0.944,-5.23,0.101,0.000994,0.0,0.102,0.303
2DaSwcRp21ynM2IT3S3ppE,7,0,4,809684,81.281,0.197,0.812,-6.495,0.0577,6.06e-05,0.78,0.334,0.245
5WnvNlFNRow96ktCNKDcpP,0,1,4,374875,149.963,0.281,0.867,-7.485,0.127,0.00406,7.62e-05,0.136,0.0539
3e4hga1m26s0WqeIodSIH3,5,0,3,247800,109.45,0.201,0.6,-14.739,0.0496,0.0129,0.903,0.691,0.0744
3IfpyM74r7P3NXtjyyzgat,10,0,4,284766,127.989,0.473,0.806,-11.525,0.0353,0.00159,0.846,0.0689,0.185
0xtxrCvkBbFQ2SI7oiEIRg,10,1,3,242687,157.864,0.425,0.648,-8.459,0.0325,0.197,5.35e-05,0.11,0.133
31XLeIFY68pll9LNu1IkXV,11,0,4,342489,86.494,0.463,0.936,-3.788,0.068,0.0214,0.000271,0.114,0.323
5D7H3jQFz8dK8q92Or6vM8,7,0,4,353500,171.794,0.261,0.819,-7.108,0.0788,0.0273,1.56e-06,0.363,0.228
7FQvFYg88JndjHvd5tBxwI,7,0,4,302533,115.983,0.563,0.734,-6.207,0.038,0.0123,0.0,0.102,0.231
0fkgNje097R3eszeV59iTI,10,0,4,184000,144.009,0.493,0.92,-6.39,0.0331,0.000472,0.687,0.0907,0.804
3WpmO13nUtLDRZujMgu4ss,10,0,4,501680,125.001,0.448,0.689,-10.284,0.0345,3.23e-05,0.384,0.111,0.421
4MY9Q7prDFGJVogp8q856Z,0,1,4,291987,75.618,0.335,0.63,-7.246,0.0435,0.51,2.63e-05,0.0732,0.212
6UYvI5UZZXq97YWJwk38uT,5,0,4,354880,170.019,0.339,0.948,-4.718,0.084,0.000876,0.00683,0.104,0.314
0zxtp9x4mUurrcxZTZXPSg,5,0,4,293147,92.988,0.465,0.937,-3.874,0.0414,0.00147,0.000384,0.231,0.552
5aTzDzHFJom3lMA8QFv6PE,1,1,4,262073,170.003,0.346,0.92,-5.255,0.16,0.000333,1.12e-06,0.165,0.174
1QxYvsVayVOOxrZkUGYKo4,7,0,3,376813,129.994,0.41,0.798,-4.105,0.0434,0.212,1.09e-05,0.0683,0.18
26Gtu1FnszNCZLAcNDu4ko,10,0,4,442480,142.026,0.496,0.986,-4.617,0.177,0.000238,0.063,0.648,0.165
56BY1nL3NF9V0KFG9DSHgA,9,1,4,425293,145.066,0.252,0.992,-3.544,0.321,0.000976,0.201,0.335,0.125
6FlJvRDQFgEUgmzBdIV1eb,7,1,4,843027,95.045,0.209,0.915,-5.151,0.106,0.00235,0.00615,0.541,0.177
3bel0OH4NQ7LXmRX0dFVMK,7,1,4,360480,149.96,0.393,0.992,-3.454,0.186,0.000223,0.00914,0.494,0.186
4c7Y2w1YDkONP92z6tY2q7,10,0,4,519520,75.024,0.18,0.981,-4.068,0.224,0.000217,0.00393,0.0939,0.259
3Su7qxHDrvG9dk37BghA0h,5,0,1,159200,112.485,0.416,0.994,-4.009,0.137,5.09e-05,0.939,0.754,0.126
7n3ir9EWwzgJ7v0hwVNfZd,2,1,4,40027,130.937,0.294,0.67,-11.326,0.07,0.425,0.897,0.145,0.615
4vv3iX1eBV9NsdExzr1XWi,10,0,4,495733,124.883,0.483,0.991,-4.447,0.113,0.000213,0.0316,0.378,0.139
3lKq5H0xNnrgOqCQmokBE8,6,1,4,309000,129.965,0.446,0.977,-5.631,0.0676,0.000666,0.00845,0.349,0.348
3nOOZwg5oYZQI86kPeEYrS,6,0,4,211080,199.835,0.425,0.961,-6.397,0.135,0.000641,1.99e-06,0.0637,0.355
5CPXR6lDTvngxtmMZxnWmC,9,1,4,493933,102.198,0.532,0.941,-9.025,0.0465,0.000579,0.0527,0.15,0.278
79RDTQcXlIcVTpJGMWlemB,7,1,4,142120,81.437,0.161,0.885,-5.167,0.0991,0.000417,0.797,0.103,0.0798
0p3VPc9LSapVf8Aq2JAWVQ,5,0,5,39707,147.994,0.458,0.781,-14.102,0.634,0.602,8.35e-06,0.78,0.468
22TfhtbuvcpWMDtmHMhgq4,6,1,4,371787,145.478,0.25,0.882,-4.053,0.0675,0.000187,5.75e-05,0.312,0.366
3GJZLvGXaVszYdSBLMtJFX,0,0,4,136892,140.021,0.478,0.906,-6.781,0.0419,0.0962,0.919,0.115,0.59
0JBQnLKfLXmlkquabLtAgd,0,0,4,294867,104.986,0.418,0.835,-4.824,0.0449,2.33e-06,0.766,0.289,0.549
0n4P0Jb7OSNvaVrtV0oZTH,10,0,4,210646,110.022,0.503,0.968,-2.665,0.057,2.58e-05,0.35,0.0962,0.379
0sYRLD1fwOCtzVyF05ROjA,0,1,4,376133,160.015,0.158,0.988,-3.809,0.11,5e-06,0.00217,0.356,0.275
1fZvEmAmWtsDSUjAgDhddU,11,0,4,197667,150.025,0.523,0.948,-4.627,0.12,0.000114,0.053,0.544,0.567
2iVihTBuOHnC1WknZvG8GB,10,0,4,325147,94.495,0.443,0.91,-7.011,0.0542,0.000101,0.0815,0.0775,0.295
36bNLOlnoNI4WnujfrOt04,4,0,4,283507,160.005,0.424,0.871,-7.704,0.0503,0.00154,0.000549,0.115,0.416
3HdQl6NhCMreTaLWplHsOz,4,0,3,233320,105.062,0.532,0.942,-4.774,0.0859,1.93e-05,0.000423,0.561,0.428
3VkoNW3oogSQ1ulJLZYC8q,6,0,4,214960,164.048,0.374,0.986,-3.75,0.302,0.00585,0.000141,0.15,0.165
3fCYPl4mCU1DRUEfqs72un,1,0,4,356760,173.637,0.303,0.891,-7.059,0.111,0.0019,0.64,0.324,0.0573
4HebbFjQa16KaxznFajT3H,4,0,4,278800,125.576,0.432,0.58,-13.645,0.0398,0.00283,0.000287,0.0628,0.217
4Yhw9ngJk9tEyF5YKlSzuq,1,0,4,273960,199.933,0.121,0.931,-2.518,0.111,2.3e-05,0.0766,0.0875,0.0702
7KyC33COUXregEdZaVy6Z2,5,0,4,289545,126.971,0.459,0.952,-4.094,0.0922,0.00027,0.000109,0.282,0.233
1tBxs9BqNlBXbIxVaCBrv5,4,0,4,231347,127.809,0.538,0.743,-5.928,0.0515,0.0343,0.00187,0.103,0.316
33YVzy4bZQCFrTK176It75,1,1,4,277097,109.978,0.581,0.693,-6.54,0.0273,0.00172,0.909,0.152,0.275
4MUN6PQPplQDajjx7NCcdr,5,0,4,128413,137.984,0.475,0.789,-8.893,0.0578,0.313,0.965,0.104,0.63
1IVIIBaQ3vr3TtmmIuqWiy,8,1,4,271418,148.015,0.482,0.932,-3.425,0.0517,0.00154,7.51e-05,0.37,0.513
2ZssT3XEX1cObqahy9YrQM,9,0,4,237843,169.985,0.388,0.901,-6.846,0.122,0.0077,0.385,0.119,0.146
3HHMfgLAExkyFF290ixjOx,8,1,4,251147,179.972,0.372,0.964,-3.196,0.0696,0.000594,7.07e-06,0.3,0.176
0SyPB22SlnMYAgCoi81Lqg,4,0,3,230627,159.949,0.485,0.925,-7.405,0.043,0.0207,0.000174,0.312,0.517
0Z7VY2YzJdYThjXcMrH9Gh,0,0,3,171562,89.997,0.412,0.778,-7.776,0.033,0.00128,0.732,0.0753,0.307
0qaqF1QHNZg7nxfNDhiHHe,9,1,4,239093,109.988,0.426,0.957,-5.127,0.0664,4e-06,0.0763,0.138,0.172
1rulw8kc0iW6s9vVKmObnV,8,1,4,233147,86.032,0.462,0.934,-4.246,0.0464,0.000533,0.00055,0.363,0.337
2q6fxAvSpqXR4jx9Ne7RGz,5,0,3,106280,169.881,0.197,0.603,-16.116,0.0454,0.302,0.794,0.106,0.232
3QD2Kcf0jUUIy9WlZT9IrA,10,0,4,258093,90.035,0.306,0.616,-11.215,0.0582,0.313,0.897,0.108,0.0769
3wtoQWo5ZMG1BKID0hIA6x,7,1,4,147474,95.02,0.422,0.886,-4.018,0.0899,0.00738,0.69,0.277,0.0743
4AMCDB0S3wGZIHO4c8Z3lY,4,0,3,886381,145.333,0.13,0.492,-8.551,0.0378,5.36e-05,0.917,0.222,0.103
4rScpyswAHik4rwFAIEe6O,2,0,3,169187,180.074,0.31,0.736,-10.082,0.0657,0.645,0.965,0.0784,0.353
7gDSMHIDjjZpcPCdiu6jIn,8,0,4,246053,70.047,0.199,0.911,-5.146,0.338,0.183,0.0,0.104,0.141
78EELjqOysiTFwJVOlsQmx,0,1,4,306596,120.06,0.552,0.876,-8.598,0.0763,0.213,0.0,0.352,0.324
7uX9Xdk7t5S0fidhjlgPv5,8,0,4,411307,143.953,0.425,0.961,-4.377,0.089,0.000409,3.99e-06,0.0802,0.111
1ALiG3jOB2tOfKiAWscWYQ,2,0,4,234187,91.298,0.587,0.866,-5.006,0.0332,0.216,0.878,0.0896,0.35
1zAR7Y8Ro4ntQnRWSRQMQ7,10,0,4,244107,154.998,0.367,0.959,-4.646,0.12,5.45e-05,0.0811,0.104,0.194
4OdKjX4IPfxQrL11UNSvTn,3,1,4,241342,112.054,0.472,0.819,-3.737,0.0477,0.000527,2.61e-05,0.182,0.364
2M2O7NJvTZWqc8CJ6qjMgV,2,0,4,234013,180.007,0.273,0.926,-2.445,0.093,0.00818,0.0,0.268,0.438
0ZvTvX3V1gE6i0hNnN7zJs,9,0,4,383933,119.919,0.378,0.572,-4.692,0.0331,0.00893,0.0,0.0831,0.175
46oovSPI68kVjUaPyildQZ,5,1,3,254440,160.115,0.289,0.866,-4.743,0.0914,0.000422,5.26e-06,0.18,0.31
7fv394wVDUHzKZku8cQBXi,5,0,3,602048,101.012,0.447,0.667,-8.969,0.0399,0.0256,0.000197,0.194,0.19
4eINd8bjEP5iT0oPKJfpUU,9,0,4,334120,176.232,0.315,0.53,-6.937,0.0296,0.0847,0.000258,0.0793,0.0693
4k9NBJg9JVBPdgO1y0Rgc0,11,0,4,235879,74.987,0.405,0.905,-5.644,0.0503,0.0483,0.0,0.261,0.304
4e9eGQYsOiBcftrWXwsVco,0,0,4,235053,79.342,0.364,0.922,-4.217,0.0566,0.000918,0.035,0.0696,0.227
4TYI2YExAWaIOpGP4y7AbI,0,1,4,249627,154.146,0.306,0.709,-3.593,0.0375,8.2e-05,0.00452,0.101,0.0436
6LJ4cC9tJc3En13Hil6g0C,1,0,4,216533,156.604,0.32,0.964,-2.101,0.0955,0.0322,0.0,0.382,0.102
23nQ0OXajph2n9yzYjP7Hs,2,1,4,181200,105.041,0.563,0.968,-6.297,0.0526,0.000749,1.53e-06,0.372,0.583
29dRAchP2emg5m1dv390ZF,6,0,4,283567,169.681,0.219,0.927,-4.123,0.0711,0.0227,0.000808,0.0954,0.269
491JAfxdUmokyNXVAHvaKY,9,0,3,416520,155.516,0.317,0.382,-6.062,0.0298,0.399,0.0041,0.206,0.0932
0C8SSfZIRllA7yF8o9oq7x,10,0,4,270053,115.652,0.424,0.482,-6.244,0.0312,0.328,9.28e-06,0.154,0.0566
1ojotvJWLsbEsmLV6gl0cM,0,1,4,309267,76.003,0.446,0.798,-7.089,0.0365,0.00147,0.0,0.102,0.642
2M87J8uPzYw3ZbUvgdYgRp,11,0,4,366853,84.977,0.438,0.827,-6.852,0.035,0.000755,0.0,0.121,0.198
5Gh42UxuBfVPmrEtriF9ho,3,1,4,307293,143.984,0.457,0.975,-3.489,0.0889,0.000396,0.115,0.0767,0.239
6v12qdjliHhEz4AyyYggZ7,8,0,4,276000,119.985,0.373,0.842,-7.915,0.0694,0.000161,0.878,0.362,0.105
3cltha6ZPutKM8YmRBBb9L,1,0,4,300360,101.169,0.579,0.914,-6.253,0.0383,9.84e-05,0.000901,0.153,0.504
2plihDAfGT5w8vCxcXjztO,5,0,4,234579,175.088,0.482,0.922,-8.763,0.0863,0.00021,0.00961,0.408,0.528
1r2ZbUtoHCdbh7fh5EXopm,2,1,4,323213,148.354,0.167,0.864,-5.012,0.0561,3.77e-05,0.801,0.112,0.168
3xRnjRUsg5fGseA2PeDd5I,11,0,4,253508,151.926,0.157,0.421,-12.4,0.038,0.263,0.0249,0.122,0.102
1mMTrYle62J5peGGsVbdm6,6,0,4,230067,128.98,0.544,0.837,-4.618,0.0465,0.0596,0.0,0.0698,0.159
2zV5yrH79u2FGfKStUEt84,0,0,4,231733,89.973,0.538,0.847,-4.095,0.042,0.00157,0.0,0.154,0.514
4trKcjZo795LQ45pjzdxWm,11,1,4,273566,143.052,0.427,0.992,-2.642,0.101,1.63e-05,0.944,0.108,0.267
6kRRk90BugN8uSfTjar4hV,7,0,3,395297,71.582,0.336,0.0357,-21.608,0.0495,0.985,0.857,0.0639,0.0922
51CnA1CmnXkQH0GsbCaMoO,7,1,4,245641,120.01,0.525,0.993,-3.044,0.0608,0.000465,9.58e-05,0.577,0.535
3b6COldjMVzUzdsVrk3qKh,7,1,4,154929,120.02,0.429,0.909,-6.349,0.0477,4.09e-05,0.698,0.318,0.222
6vzi2VdyRFaD70XSNXTAo1,2,0,4,658800,98.9,0.254,0.561,-10.107,0.0365,0.0374,0.834,0.355,0.14
1ZYoAJ05LtgLrECCf6IjZ3,7,1,4,168000,76.973,0.371,0.569,-10.003,0.0361,0.576,0.898,0.0876,0.388
4gQvyUEUYBWwNiUlN19ZTG,1,0,4,220267,151.863,0.295,0.824,-1.72,0.0386,0.281,2.79e-06,0.119,0.142
4vdcD3AH3bhRN5nJVYZVsF,4,0,4,244533,125.044,0.48,0.911,-5.288,0.0557,4.14e-05,5.46e-06,0.172,0.553
4kxsA71XQQKICBoxAvoQMw,7,0,4,405388,148.352,0.177,0.933,-1.899,0.0624,0.00184,0.00116,0.0542,0.104
0OkdQkWdO8CG8zARrg5kXm,1,1,4,319960,175.073,0.433,0.929,-6.319,0.0377,0.000116,0.000163,0.0928,0.598
7CeF4VXPoaUbNB3NNHIXfM,9,1,4,217840,111.093,0.461,0.816,-6.612,0.0651,0.0369,0.88,0.251,0.279
2eB7JqIY4hTTSz31h6bjwR,0,0,4,439120,199.892,0.153,0.953,-4.74,0.122,0.00152,0.0062,0.366,0.14
0WZZENH0kt3O2cBE8q5IRq,5,0,4,256053,155.045,0.445,0.98,-4.369,0.0731,2.45e-05,0.163,0.129,0.285
65hCWnFxcEfZmUTsGySi7W,6,0,4,79840,68.535,0.148,0.105,-23.824,0.042,0.857,0.89,0.117,0.0392
0jlcj6mnbJNDyVorVeN0Sr,8,1,4,364383,82.983,0.361,0.925,-4.609,0.0439,7.6e-06,0.838,0.309,0.461
5QIrSIj8jBaf048QxZL8Sb,11,0,4,262989,123.016,0.555,0.77,-5.455,0.0385,0.00752,0.797,0.0861,0.215
3orX7EjW9C6tr1nHRfx6C2,8,0,4,347200,135.017,0.505,0.62,-5.553,0.0298,0.00137,0.00746,0.115,0.0886
6PwjJ58I4t7Mae9xfZ9l9v,10,0,4,197200,138.081,0.497,0.97,-4.851,0.0836,9.04e-05,0.000674,0.101,0.689
3lGyt8enqenwyqXihI6AVr,9,0,4,270067,134.994,0.634,0.623,-8.855,0.0258,0.000449,0.0108,0.0649,0.867
1GmA8FOysGZNVEuJWBJnR4,1,0,4,340240,149.833,0.388,0.988,-7.285,0.0619,0.000153,0.335,0.0544,0.366
4HlVUapocBDBqkPtET2knz,11,0,4,259960,75.026,0.413,0.969,-4.91,0.0822,0.000159,0.344,0.18,0.179
115KAr1ur3Z3Vv9HJBDcaX,1,0,4,185240,178.235,0.401,0.956,-4.843,0.0571,1.15e-05,0.908,0.0644,0.426
4hkZMpR9ptEQLqlIorFPeN,2,0,4,237867,120.057,0.272,0.903,-4.343,0.0961,0.0134,0.0,0.321,0.154
0zGNXEv7a1QvEPVhdtvbzP,0,1,3,464240,74.857,0.0908,0.47,-10.729,0.0358,0.000717,0.872,0.156,0.17
648jNGxqGVBFfFSSWishhd,10,0,4,248341,128.006,0.533,0.907,-5.835,0.0532,6.17e-05,0.868,0.396,0.745
64VLqyvVCCAXyqKCqs40z8,2,0,4,380613,112.507,0.46,0.982,-5.488,0.0601,2.39e-06,0.797,0.37,0.267
5fwLhOTBbP9xx6wC45EBt3,7,0,4,255530,125.017,0.428,0.864,-6.371,0.0599,0.00309,0.114,0.147,0.365
2uFS9ieoGREkFCrasbGsCx,2,1,4,247667,94.033,0.422,0.908,-3.019,0.0452,2.03e-05,0.0688,0.148,0.112
4KcNupwVIuM2AOoiKdgpRf,4,0,4,284133,130.042,0.447,0.556,-8.112,0.0306,0.0355,0.894,0.0937,0.13
2DQNOuvinkm9EJHnQEuHuD,8,1,4,362347,120.021,0.432,0.8,-6.868,0.0406,0.000508,5.42e-05,0.351,0.255
4vqJXCBsSExJO6UUiMnQll,8,0,4,202501,169.794,0.384,0.928,-4.633,0.0489,0.0434,0.308,0.112,0.589
1tedBknW0ryQX3Z5e7tGZg,11,1,4,229000,135.068,0.435,0.934,-5.607,0.0747,0.00933,0.00299,0.0988,0.262
06OAtSr9Yof33xxJgjpDte,1,1,4,305120,89.854,0.445,0.777,-6.011,0.0372,0.000209,1.07e-05,0.14,0.249
46UjKVKpPK4HyxkIEqQjFG,9,0,4,224582,139.649,0.267,0.408,-11.004,0.031,0.378,0.0,0.0883,0.0555
4mJmi9z3o1B6k2vry39Ufh,9,1,4,254387,137.949,0.491,0.972,-3.125,0.0935,0.0266,0.00128,0.257,0.414
2paUWaKMCw1e9Zhuh2ZBcf,0,1,4,301653,139.955,0.529,0.955,-6.417,0.115,0.0672,6.32e-05,0.629,0.075
2rb1oUtuyGkjayXFE1QGlI,11,0,4,264000,146.056,0.293,0.79,-3.377,0.0521,9.34e-05,0.0975,0.179,0.26
6rXKlkP7AGhZ2yxu3dnjjf,3,0,4,195787,133.049,0.438,0.632,-9.198,0.0318,0.299,0.00018,0.0981,0.204
0puqdplFmL2Voq0BmX6OJc,3,1,4,170580,109.767,0.319,0.896,-4.315,0.0657,0.00142,0.849,0.226,0.04
0X3nTDHQzWVC8v7xjKfDdS,3,0,4,262987,123.992,0.643,0.884,-5.083,0.0398,0.00562,0.0,0.132,0.751
06nhtKqcCuvLpUajRKyrpv,2,0,4,254000,140.652,0.21,0.835,-9.646,0.0391,9.71e-05,0.82,0.268,0.443
2bHpNAMEsB3Wc00y87JTdn,11,0,4,409000,143.89,0.296,0.764,-4.499,0.0315,0.011,0.0724,0.158,0.144
4MEENl8ueofV5X6gTfa4Xn,5,0,4,190667,180.096,0.387,0.956,-5.548,0.135,3.15e-05,0.0128,0.19,0.461
3llUdmN3rkZHAgoZK1HC8b,9,1,4,306547,154.994,0.427,0.96,-4.477,0.105,6.43e-05,0.00104,0.322,0.357
6UsKqMFaxn2ODLqjU7CSSa,11,0,4,219723,114.024,0.47,0.907,-5.432,0.044,0.000161,0.000737,0.186,0.451
6O4kmRoYWpYw04egXW0NeK,10,0,4,405749,78.97,0.334,0.297,-14.375,0.0301,0.522,0.932,0.137,0.372
45SsRch1IwEzLcKHyataEE,10,0,4,188573,129.176,0.221,0.248,-12.31,0.0326,0.539,0.0,0.135,0.149
6ZbJnO5y5UvgnBD2WBWXGR,8,0,4,267000,91.638,0.492,0.959,-6.606,0.0343,0.000682,0.0,0.0778,0.699
6Fd53Af2royyl5btFfgzlB,9,0,4,283693,118.145,0.315,0.554,-7.739,0.0337,0.291,0.0,0.255,0.201
76O1SNDtf2Y8bX9QdFHyww,9,0,4,297559,76.011,0.419,0.949,-5.985,0.0751,1.56e-05,0.832,0.122,0.73
2vauvBj9LEzuFjHAhvhRai,11,0,3,949213,100.275,0.451,0.76,-6.44,0.034,0.00082,0.72,0.113,0.119
4MC7Djoxyd81aZSPHctSFc,3,0,4,567299,119.047,0.517,0.889,-8.206,0.0831,0.000592,0.000643,0.36,0.22
7b3brVnl2mNcZq4GMotkrW,6,0,3,283125,112.005,0.486,0.794,-6.738,0.0425,0.0213,0.0,0.198,0.427
2siYBO7YLXSodtI8E7E0Za,4,0,4,208893,162.054,0.549,0.958,-5.439,0.0918,0.017,0.00294,0.335,0.537
3gfnoDRcoj8wxTvaDM5fhJ,8,1,4,320250,95.955,0.495,0.801,-6.264,0.0338,0.00594,9.74e-06,0.182,0.162
2ANSPBU2TtmSM1pdTvFgQ6,0,1,4,379000,156.065,0.373,0.851,-7.647,0.0631,0.00278,1.02e-05,0.0876,0.276
0uYvBM7c2KT8RZu5IFrAwX,10,1,3,274987,100.306,0.236,0.407,-5.949,0.0283,0.632,6.54e-05,0.0934,0.12
7v7sNX86h5HjX8dB5EDWAI,10,1,4,382041,168.905,0.374,0.857,-4.45,0.0567,0.00627,3.36e-06,0.42,0.384
7dIOlmWKSZoaKXtFZw5Lm5,5,0,4,271827,118.005,0.601,0.933,-3.575,0.0595,0.00636,0.00198,0.253,0.389
5m8JHIXmasB1qOPCzfGVBr,1,1,4,267880,143.916,0.381,0.915,-3.804,0.092,0.00288,1.74e-06,0.422,0.485
0ZUPWnw89a0iLfNdcUiIm3,3,0,4,294613,163.995,0.454,0.954,-5.242,0.0607,0.00894,0.0,0.0659,0.287
2TYPyMen3VrXo4bljRLQvo,2,1,3,692853,107.415,0.337,0.873,-7.415,0.0667,2.71e-05,0.11,0.149,0.186
3T1CEAG5ukgdqGvQuXWzqI,6,1,4,289773,105.115,0.578,0.945,-2.19,0.0852,0.0841,0.0011,0.137,0.4
6str06iwJqM8INq37YKXOU,1,0,3,210492,75.099,0.209,0.763,-5.367,0.0466,0.0666,0.925,0.216,0.144
6NGcKOuOM6pvRxG8eMo0vd,4,0,4,299640,163.968,0.416,0.911,-5.184,0.0584,0.000665,0.946,0.105,0.323
6baIY88zGHprrMNG1W85gP,2,0,4,216000,120.025,0.496,0.917,-5.013,0.0463,0.00122,0.916,0.085,0.384
1pKt3y8KbBmuyqNBBsjrbe,5,0,4,209215,123.971,0.516,0.791,-6.602,0.0456,0.622,0.106,0.616,0.257
2VGQ342iuqj6aSaYbyBQVJ,3,0,4,199387,195.795,0.198,0.977,-3.499,0.173,0.00131,4.62e-05,0.23,0.351
6EJrIJZJ57gaHQ4zxGBRU2,7,0,4,284729,96.008,0.475,0.96,-4.673,0.07,0.000225,1.6e-06,0.129,0.471
22GbAGb80ZZNgm2yrBMnpR,9,0,4,403867,131.387,0.55,0.824,-7.848,0.0347,0.000362,0.00115,0.0865,0.332
4aYLAF6ckQ5ooGGGM7sWAa,7,1,4,386493,139.261,0.54,0.584,-9.579,0.0254,0.0108,0.00296,0.253,0.244
5eFxwmqKrHpSQDOEIFYlgY,8,1,4,231400,122.023,0.553,0.853,-3.668,0.0339,0.000684,0.0,0.126,0.506
0M955bMOoilikPXwKLYpoi,6,0,4,231480,89.342,0.498,0.83,-5.157,0.0421,0.00461,0.0,0.139,0.453
5awDvzxWfd53SSrsRZ8pXO,9,0,4,234227,125.105,0.64,0.922,-6.283,0.0385,0.00369,0.055,0.332,0.716
13Uvqll8OQDjw3wDweIK9y,4,0,4,476267,126.883,0.334,0.982,-2.293,0.0619,9.11e-05,0.149,0.106,0.501
7ypMdEc38RF31RonlxynLm,9,0,3,293606,183.182,0.286,0.983,-4.205,0.109,8.03e-05,0.933,0.196,0.0705
4PS7ahhKBTfo4gF9DX8WQx,11,1,4,302240,154.89,0.335,0.953,-5.322,0.072,5.41e-05,0.0,0.39,0.182
44mkUovCUkI5Pbx5Zu27sg,4,0,4,234129,95.677,0.609,0.828,-6.514,0.041,0.00597,0.685,0.141,0.178
4cBv4eUzh9taAfhcqYzo5a,9,1,4,255773,160.157,0.397,0.799,-6.709,0.0479,0.000386,0.0,0.106,0.482
2t76ryuVBXm2HOQkpejaxC,8,0,4,292067,110.006,0.284,0.906,-7.866,0.0562,7.88e-05,0.863,0.456,0.337
0QvlcZoFauRGfTK9FP6kS6,7,1,4,520734,109.026,0.531,0.973,-5.131,0.0895,0.000198,0.118,0.325,0.165
2P9A0rW2xuOO5FuHc4iejn,2,0,4,227143,97.869,0.423,0.938,-4.361,0.0975,0.000192,0.0,0.275,0.465
5Dd7Cj1NTPFiGkRXBBlv5e,2,1,4,401437,169.971,0.161,0.918,-6.338,0.0845,1.19e-05,0.71,0.36,0.186
4v7sDnO5xgM2O9tqpKQdg0,7,1,3,189829,89.916,0.373,0.836,-5.472,0.0507,0.00755,0.673,0.129,0.0995
4GKvjIckKG6bxSxXJpt9Wa,4,0,4,260533,169.986,0.489,0.941,-5.31,0.108,0.0013,0.0,0.251,0.319
4n8hjUE5YWzYmVBfBXRJz1,2,0,4,385240,159.9,0.384,0.945,-5.293,0.157,0.000636,0.000454,0.284,0.293
6dGSXCf230k3YsEGOvXNAy,11,0,4,404093,134.999,0.433,0.985,-6.361,0.173,0.000441,8.26e-06,0.367,0.0891
7xkqn8jhdDyTpzfTloh9NN,0,0,4,268693,90.036,0.224,0.796,-5.363,0.042,0.000294,0.0165,0.0666,0.184
1ODi77O583mzuJkS2i9AVH,9,0,5,374347,166.03,0.0901,0.932,-3.271,0.0621,0.00749,0.000722,0.259,0.114
7xrXUUx2y8is4pLWmuAGFo,9,0,4,372093,134.471,0.237,0.665,-5.24,0.0371,0.124,1.97e-05,0.132,0.139
468vEPSj2eJV59XsOxVTNG,9,0,4,160080,79.081,0.0753,0.394,-12.774,0.0388,0.559,0.926,0.489,0.0349
0Umih4I7bo4JR6QOlL5TRO,6,0,4,360276,89.906,0.513,0.846,-5.602,0.0389,0.00847,0.000205,0.142,0.335
6Yeqwyevs4UVug1QohGDHo,3,0,4,322373,137.635,0.265,0.922,-4.367,0.0447,3.97e-05,0.0944,0.159,0.194
4gMx3t3Pajc0kY4jGcGfXI,9,0,3,400320,174.103,0.254,0.869,-4.788,0.081,0.0329,0.0,0.0849,0.207
6Zq6oIx5tOhNNFS9olrSP4,9,0,4,817853,126.095,0.284,0.881,-8.635,0.0678,0.00129,2.11e-06,0.142,0.337
0lLhB70QIpXV2s9OT7GauB,11,0,4,315453,147.898,0.36,0.965,-6.973,0.119,3.89e-05,3.66e-06,0.322,0.118
0IozrMaNmRyMjfkCrixRfz,1,0,4,295027,81.874,0.212,0.81,-4.506,0.0363,0.000567,0.0,0.233,0.202
2f2fhCBYIRSeV7dDuxSdT1,8,0,4,287960,79.951,0.44,0.865,-5.243,0.0337,0.000276,0.0948,0.0829,0.488
7s0fJ0s9A5eRh4NXaMkfgS,10,0,3,334693,95.928,0.464,0.763,-5.67,0.0289,0.00316,0.00196,0.113,0.268
1QgXCYmtWx5yAe0ZooqbK6,10,0,4,298347,122.052,0.512,0.956,-4.382,0.0941,0.00114,4.89e-06,0.0874,0.455
18pIsa1XH5Eap4SBcSH4Xd,3,0,1,365641,149.981,0.471,0.717,-7.731,0.0388,0.0653,0.897,0.284,0.356
61EJytN7pD3Yeu1ub98vcT,6,0,4,276993,154.97,0.376,0.954,-5.045,0.109,8.27e-06,0.000997,0.223,0.117
4ToEmT48oPH5erDitBeYf6,4,0,4,257722,179.93,0.217,0.405,-8.248,0.0295,0.736,0.000124,0.105,0.186
349CmyeEwDqy7wY74N0pz1,10,0,4,259633,73.981,0.377,0.794,-7.09,0.045,0.139,6.41e-05,0.226,0.09
4QQEJQ2AVnGIWn7dhRSOts,6,0,4,297377,170.075,0.35,0.987,-3.853,0.24,1.58e-05,0.18,0.26,0.141
4HV8qRGhes9dt5jMBrxwZ1,8,1,4,148077,125.005,0.497,0.695,-8.855,0.058,0.00943,0.762,0.0909,0.0957
1qNDJ56Rpwu2Str0uEueIv,4,1,4,283080,76.01,0.485,0.966,-4.776,0.0747,7.04e-05,0.000348,0.223,0.507
4MrYh0m0HHvOycKmcgBpNQ,4,0,4,324423,156.031,0.473,0.96,-3.135,0.148,0.00923,0.0,0.106,0.312
43V6XeYu5RTcMGa7dtkcYO,5,0,4,205147,145.003,0.423,0.931,-5.681,0.0503,1.48e-05,0.241,0.217,0.4
6zNWCirgbJ9nkwZlVeMY3T,2,0,4,272478,96.025,0.405,0.971,-4.422,0.0461,0.00084,5.26e-06,0.332,0.464
5ByjYomRXz59uoNt16zF8J,9,0,4,208253,177.071,0.426,0.98,-5.417,0.0834,0.00177,0.0,0.125,0.496
2ygo15azbrvNuSKexEesgE,11,0,4,244600,75.022,0.402,0.977,-6.302,0.0693,0.000516,0.214,0.0777,0.338
5GiBUJsWN6jrCPEbHRuG9T,5,0,3,264203,108.033,0.292,0.969,-5.872,0.216,2.14e-05,0.000274,0.0927,0.0396
6wWT8ykRI8boLRIzQd9pCs,11,1,4,91480,180.215,0.149,0.238,-10.477,0.0368,0.0678,0.38,0.0852,0.223
4jIn1jQ7Wm0CHBUpgKv9uG,6,1,4,156569,117.961,0.216,0.861,-5.872,0.0489,0.0082,0.781,0.186,0.429
02gySWUFk5JT4gMguGAhdO,1,0,4,258462,130.027,0.59,0.645,-8.101,0.0335,2.28e-05,0.924,0.0483,0.966
3zTvlIibmBDzHDZW5zPTOM,8,1,4,497347,115.02,0.534,0.956,-4.92,0.0779,0.000434,0.944,0.0664,0.198
5Yp3e8RcjYevBTZYJ7OD7s,0,0,4,305947,74.692,0.296,0.669,-5.364,0.0452,0.03,0.831,0.154,0.679
0VTah1erm2jOkfkGvaWaG7,4,0,4,541133,131.978,0.285,0.899,-5.214,0.139,0.0118,0.00221,0.064,0.159
2EO2MCzUHcZ1L8NWx2vYSJ,11,0,3,348333,94.007,0.243,0.931,-2.731,0.0915,0.00437,0.0143,0.072,0.333
4RnHlpGuccSJvdiuybu2VD,6,0,4,437920,155.05,0.39,0.978,-8.701,0.0874,6.09e-06,0.00054,0.0938,0.208
4ZJQANWp7aZb66DRMVg8SA,1,0,4,261680,85.011,0.481,0.889,-8.109,0.0553,1.1e-05,0.00628,0.0967,0.325
2meHammEXgurFUfuH9eZ4t,0,1,4,257587,111.412,0.168,0.202,-13.674,0.0392,0.861,0.832,0.11,0.0696
6evF0ypf3WAVLrdhliUKkQ,2,0,3,191307,129.577,0.357,0.501,-12.578,0.0434,0.04,0.95,0.0818,0.0391
3FA9wGCQWqyoqWDPhsGtO1,6,1,4,196040,104.984,0.503,0.963,-4.938,0.124,0.000121,0.0,0.0916,0.636
5Uz8WiJa82WLdQyhrttbfB,4,0,4,334200,130.982,0.495,0.911,-3.917,0.0543,0.000331,7.17e-06,0.198,0.464
30sZ1d4G8K8RVNhz0IWgPN,4,0,4,461480,83.005,0.231,0.668,-5.517,0.0377,0.00299,0.128,0.111,0.0688
7ak5dWy0Vee6yhR5dwQWO5,10,0,4,325587,117.332,0.329,0.899,-4.921,0.0524,3.63e-05,0.281,0.105,0.26
4beXYW9eVMYoaTFJzsb4rS,8,1,4,266680,148.033,0.426,0.977,-4.153,0.0934,0.000341,6.82e-06,0.0633,0.257
0aYUqsvZG7bAslrUkd9Z0g,11,0,4,220360,139.969,0.416,0.178,-11.428,0.031,0.912,0.000138,0.342,0.0699
6Z77oDcn6iI1MHFCBPjl24,4,0,4,185440,155.672,0.364,0.861,-4.588,0.0617,0.00959,0.00449,0.107,0.16
4UzVcXufOhGUwF56HT7b8M,9,1,4,262533,79.012,0.19,0.265,-9.206,0.0356,0.863,0.0,0.134,0.101
0tWEB6BxbI48XN79QE1JbT,2,0,4,195880,95.111,0.437,0.835,-5.076,0.0405,0.00145,2.27e-05,0.245,0.296
0COqiPhxzoWICwFCS4eZcp,4,0,4,235893,94.612,0.331,0.943,-3.188,0.0698,0.00721,2.06e-06,0.242,0.296
3UygY7qW2cvG9Llkay6i1i,11,0,4,214947,175.077,0.37,0.858,-4.885,0.0545,0.00815,2.12e-05,0.229,0.464
5n8AC9ND62bWuPAtoS9nWP,2,0,1,335560,158.245,0.265,0.922,-3.162,0.0568,0.0179,2.39e-06,0.0697,0.202
6WtbP3cLqZzCTpE5hixRox,9,0,4,388624,165.024,0.349,0.936,-6.301,0.0765,2.92e-05,0.0769,0.427,0.209
0q7rzzgcw1y8B4OhI5IfEE,7,1,4,244093,130.057,0.423,0.991,-3.935,0.0966,8.39e-05,2.57e-05,0.154,0.207
2gGveBaLJQMtJ43X4UL5kH,1,0,4,272292,86.953,0.469,0.743,-5.57,0.0272,0.00222,0.000111,0.276,0.481
4Tl7yWeJ7dWUWbX7dI0O7r,6,0,4,273507,142.045,0.437,0.947,-4.837,0.0858,0.000508,1.2e-06,0.336,0.364
5fG6w3Q7RGA0mZNQGNFGBl,1,0,4,250207,143.82,0.419,0.893,-4.219,0.0485,2.05e-05,0.00277,0.32,0.345
5SYwjPPkPfedyy9HtTcBWi,0,0,4,282718,134.979,0.475,0.857,-5.97,0.0468,0.023,0.0145,0.149,0.346
62UFmoyvhEqx8GobjdUUry,0,0,4,276973,145.114,0.359,0.84,-5.001,0.0753,0.0018,0.00883,0.0695,0.312
68eGaReaLKuxCDA7k2qhkt,1,1,4,243222,101.998,0.457,0.759,-4.074,0.0292,0.00642,0.0,0.115,0.223
3euTnaxs2enTZxb7JbYWGm,0,1,4,297413,120.046,0.497,0.924,-5.314,0.0624,0.000324,0.00895,0.0816,0.363
2LqniAScDuwvOSWEHbsJAI,8,0,4,468227,118.409,0.237,0.62,-8.78,0.0346,5.94e-05,0.8,0.24,0.138
6lThiyFluc0jY2O8SYg3II,4,0,4,323931,155.761,0.425,0.403,-9.343,0.0273,0.0792,0.0049,0.113,0.135
2uCR5vRJOjzh4MWNkWSAxr,1,0,4,473600,170.196,0.218,0.196,-15.586,0.0333,0.586,0.853,0.0991,0.0858
0rUrTebqX61P9FrpvaCHqW,7,0,4,238814,139.99,0.532,0.615,-8.701,0.0333,0.00619,0.76,0.106,0.0593
1jCPzDzUzhCVX75KLqrzCw,2,0,4,257080,176.078,0.256,0.919,-3.135,0.0725,0.0394,3.11e-06,0.436,0.358
5zVMSQFL4cp2beOv9zedH1,3,0,3,498013,144.055,0.421,0.903,-4.13,0.0489,0.000103,0.00176,0.0571,0.307
6TG5ZHmSqMqLqLVXeg71cs,6,0,3,231085,93.679,0.449,0.937,-6.333,0.0652,0.00331,9.65e-06,0.101,0.249
7IaXHATirQvolwSrguLQze,2,0,4,186857,139.966,0.484,0.794,-5.937,0.0427,0.000875,0.902,0.113,0.126
098x2YmtSd6W3UixT1P0i1,5,0,4,381668,104.511,0.204,0.372,-9.743,0.0326,0.927,0.933,0.126,0.0712
0RTG9fbE9HY6kOZjzpaFAP,2,1,4,101106,92.999,0.601,0.586,-8.197,0.0281,0.137,0.924,0.0931,0.141
41P9SICrBwZNVMif4JoYta,2,0,4,271107,99.97,0.474,0.961,-5.162,0.0753,6.23e-05,0.00038,0.0619,0.353
4Glc76OlqzWCb23hNbcacA,0,0,4,207893,174.989,0.405,0.845,-5.842,0.0506,0.0802,0.0,0.111,0.549
5ltXvJGejagmadspP5pnuK,0,1,4,248853,130.027,0.505,0.858,-4.659,0.0464,0.000165,0.0,0.33,0.482
3pH3x0sJdAZIK1ODdKuSRs,7,1,3,326080,98.936,0.184,0.841,-5.003,0.0557,3.31e-05,0.921,0.344,0.156
2zpt6XtlFyIz3yjcGT5e4o,7,1,4,243307,184.827,0.252,0.896,-3.232,0.0616,0.000535,0.000227,0.105,0.479
319yzajZR3RZiy2DFF8sQx,0,1,4,243320,135.045,0.508,0.761,-4.049,0.0473,0.000453,1.26e-05,0.0816,0.707
4y5UphdRSj6ZHjYnElBPwR,1,1,4,227067,174.759,0.112,0.906,-3.983,0.0703,8.24e-05,0.000974,0.262,0.452
48ghGG0Hpg8kN9oG5a2oua,11,1,4,256280,175.102,0.351,0.984,-4.569,0.121,2.98e-05,0.0139,0.419,0.242
0yyD9NWnZoRestLJVBtFGE,7,1,4,244093,130.057,0.423,0.991,-3.935,0.0966,8.39e-05,2.57e-05,0.154,0.207
3VNZXXwcODPNHT0WnUVq9B,11,1,4,274280,135.0,0.456,0.941,-5.114,0.0796,9.62e-05,0.0,0.0838,0.279
2TydlIfbqILRMdK0UngyGT,1,0,4,264385,95.006,0.515,0.913,-4.549,0.03,2.56e-05,0.145,0.0687,0.49
68FjHQbNL1Gn8AFSaI4dnF,11,0,4,435253,166.441,0.224,0.842,-7.283,0.0389,6.3e-05,0.693,0.112,0.526
45eGeRq5VjhY6RTN1TOefI,11,0,4,277320,137.137,0.35,0.947,-5.126,0.0749,0.000137,0.0196,0.128,0.104
11w90EnlbbGbqdxBMHGyMd,0,1,4,504307,172.975,0.361,0.99,-4.264,0.253,0.000452,0.000407,0.115,0.129
3BFsgSYMoAiIIO5iqkAbDx,7,0,4,363773,127.845,0.407,0.913,-4.602,0.0495,0.000234,5.67e-05,0.328,0.317
0neBDiKwSS6L67sFNwQapy,1,0,3,404200,194.913,0.269,0.956,-5.394,0.0748,4.07e-06,0.0894,0.109,0.149
6k8S1uwArLHf8uuP7KckYq,10,0,4,340800,90.012,0.442,0.959,-3.201,0.0607,0.00118,0.0,0.329,0.362
5nOPkH0kxNDaTX1Vtwne8D,2,0,4,228333,129.98,0.542,0.94,-2.43,0.0442,0.0011,0.0,0.435,0.138
1SiSTVvLo3MEMzoZO2cTNT,0,0,4,392867,104.038,0.505,0.855,-5.611,0.0292,0.00102,0.82,0.111,0.212
6v3UX3KGvhYwphqipOO84l,1,0,4,341000,149.863,0.391,0.991,-5.934,0.0759,8.82e-05,0.0687,0.0803,0.236
4riKzzeTonEgPN9OCCvMqQ,1,0,4,340373,120.016,0.281,0.841,-7.232,0.067,0.000581,0.000139,0.262,0.286
2DR9AzDhYeStkHupvU08FC,9,1,4,263160,134.968,0.529,0.953,-4.562,0.0594,0.000129,0.000487,0.146,0.279
6yELDatrOOGKEry8SWsR3j,10,0,4,325587,117.332,0.329,0.899,-4.921,0.0524,3.63e-05,0.281,0.105,0.26
4Hh0gZ3aCK1T146OyIUYHi,11,1,4,229042,135.083,0.434,0.92,-5.708,0.071,0.0101,0.00041,0.0981,0.271
2E8CDL8OcDp2YKJjBzs9p3,2,0,4,192037,135.978,0.523,0.899,-5.236,0.0478,0.000169,2.38e-06,0.259,0.594
7IOCBgTitbbNRCQl7f46WQ,4,0,4,639390,105.451,0.402,0.898,-6.198,0.0522,0.000126,0.227,0.319,0.0673
1HIltntwioJoDMsHBmH0Bl,1,0,4,259173,192.858,0.262,0.991,-5.373,0.167,4.09e-05,0.204,0.15,0.0827
3iw7MEqQ0Dkdvhn9ayqGwl,1,1,4,305120,89.948,0.446,0.779,-5.987,0.0389,0.000143,1.1e-05,0.128,0.186
1Wrqg9uDJJsf8HPGZuoSVp,1,1,4,239493,144.012,0.505,0.986,-4.383,0.0716,2.35e-05,5.87e-05,0.0331,0.346
6rmatNwmvpckruaQP3gohK,4,0,4,313907,140.07,0.475,0.979,-4.831,0.119,9.69e-06,0.424,0.34,0.255
36yZ2B3DWWC3HLdKRs8cqr,6,0,4,250827,130.126,0.462,0.947,-4.082,0.082,8.12e-05,0.000752,0.16,0.539
2H2Ul6Non4ZwDNoE3nhBwO,9,1,1,239813,112.045,0.321,0.861,-3.671,0.0511,0.000122,5.25e-06,0.307,0.27
1wZiSyGuouc9hdUcLEckPj,1,0,4,234693,97.973,0.528,0.936,-4.501,0.031,4.69e-05,4.9e-05,0.37,0.49
4IVgr2jNRTeO6pF8sBDE25,2,1,4,237160,179.974,0.364,0.958,-4.447,0.0801,3.95e-06,0.296,0.163,0.132
2qnHs6Pih0OcP0yTiCAZHN,3,0,4,263093,67.174,0.0682,0.99,-3.823,0.175,6.97e-06,0.869,0.289,0.0481
1oGqDmtGZA7XFySv5GkVPR,2,1,4,246493,174.859,0.341,0.928,-5.2,0.0691,3.36e-05,4.33e-06,0.109,0.353
4GDSY2OT783cD43DDNHDVj,0,1,4,158333,178.925,0.18,0.87,-6.432,0.091,1.23e-06,0.0718,0.507,0.361
4Puqg8T9oO0Olr8P49ag18,11,0,4,266267,100.057,0.48,0.969,-2.742,0.0964,0.0259,0.0,0.0632,0.157
3taSzWrlMYIkSjTeIbQptk,0,0,3,265336,108.013,0.292,0.972,-5.028,0.274,1.84e-05,0.000207,0.0868,0.0397
2hSmv6Dx5L55TwddgzdLBu,0,0,4,439213,199.952,0.109,0.952,-4.885,0.123,0.00144,0.00922,0.345,0.137
1wVMkGi3vQlLSpO04RKzgm,11,0,4,587133,199.947,0.14,0.954,-6.323,0.129,5.67e-05,0.00181,0.0729,0.142
22kuu7eto8xINFGU9ca0PX,10,0,4,340800,90.012,0.442,0.959,-3.201,0.0607,0.00118,0.0,0.329,0.362
1jDBSWoA12jXxU2PiR7fC7,7,1,4,273360,140.046,0.448,0.986,-3.783,0.127,0.000114,0.0424,0.0548,0.133
2Sp8T3BrAHQmWwl9jLexDF,4,0,4,319688,135.03,0.461,0.928,-3.542,0.0697,0.000583,0.0012,0.615,0.428
2wxHy4cFVWXPkoZ5fOlhR3,9,0,4,506250,129.968,0.239,0.879,-5.321,0.0511,0.018,0.868,0.219,0.0968
0O0zs5sZh1yQcGa4mXHOAQ,5,0,4,376750,180.043,0.253,0.867,-5.348,0.0403,0.00184,0.888,0.105,0.112
1SgL5R5AxWemntK8kC2f2k,4,0,4,629750,85.09,0.156,0.884,-5.571,0.0469,0.000384,0.885,0.14,0.153
01HGMAC5NTmVV2mtutCzGG,0,0,4,525750,110.011,0.477,0.872,-6.049,0.0328,0.00466,0.87,0.12,0.0969
17riUDAtshN1Ih7mhB435E,11,1,3,468000,90.031,0.354,0.828,-6.269,0.0431,0.0123,0.89,0.081,0.0357
09meQ0L4zDkjrdptfVfnFy,7,0,4,559250,168.87,0.139,0.893,-5.971,0.0624,0.00421,0.893,0.103,0.038
6WZHWi4w8L7Khtk4SfRwEg,9,0,3,800750,99.942,0.388,0.508,-7.185,0.0275,0.0789,0.87,0.089,0.0385
2SnYYJqNjBR0THxQaol3oE,7,0,4,490500,89.827,0.102,0.781,-7.297,0.0531,0.00213,0.799,0.148,0.0376
1Tcn7HQSCQzyzzUhonDuag,3,0,4,242807,160.001,0.208,0.909,-5.24,0.0802,0.000652,0.0,0.26,0.358
1DuQFYWdUPDL0JWjZeDQ9X,10,0,4,207440,141.974,0.497,0.979,-4.162,0.164,0.000885,0.00164,0.162,0.227
54eGNQCFTHq0q9dCCsPe4P,11,0,3,320427,104.894,0.276,0.992,-4.821,0.129,5.37e-05,0.0156,0.0987,0.11
3zEUpWjBZUlMqFpKNC1v1p,7,0,3,397371,179.082,0.075,0.954,-4.727,0.113,9.11e-05,0.221,0.282,0.104
1N7LRc9YuyMjWKEkrmlogM,8,1,4,289307,102.832,0.479,0.48,-16.457,0.0499,0.158,0.785,0.136,0.0406
4y0Lt1KOuyhKGkGKFZjSlS,2,1,4,205333,155.822,0.303,0.401,-13.932,0.0375,0.0228,0.768,0.113,0.0974
7jNs5Z0wKrUoHcewUGVXhh,2,0,4,196360,100.004,0.195,0.527,-10.443,0.0381,0.00967,0.939,0.0879,0.035
2uMdRFx07NY0VYcgryvoJL,1,1,4,239071,95.538,0.502,0.956,-5.523,0.0451,1.21e-05,0.57,0.0917,0.337
1BgI8XJMGFyWVHVIUeMSWO,6,0,4,302849,150.009,0.468,0.874,-5.499,0.0473,0.000119,0.0016,0.147,0.75
5dSfYJIZnl7n8lHRxfnS5U,6,0,4,167568,85.983,0.422,0.778,-5.102,0.0587,2.98e-06,0.93,0.319,0.35
4CdouW7qhHEIBnv0vevXYd,10,0,3,180928,184.111,0.42,0.554,-11.455,0.0285,0.781,0.896,0.105,0.0833
1tnagQAhcAhascF6ynocDl,11,0,4,672573,93.004,0.237,0.871,-4.382,0.0402,0.0015,0.00292,0.132,0.293
3UPWFyUuPD1OIOGq2eJCl1,9,0,4,527227,77.536,0.164,0.924,-7.54,0.075,3.83e-05,0.000706,0.319,0.235
5Vh35N6p5YH6nQUbHScKhj,10,1,4,466158,84.03,0.089,0.31,-10.487,0.032,0.872,0.939,0.107,0.0376
70DQHTRzWgUNcrDpBFrqch,3,0,3,320166,94.866,0.183,0.861,-6.071,0.0756,0.0159,0.000175,0.0989,0.217
3HWokhsCwPCE8lXeX3M1Cd,6,1,4,229519,138.001,0.523,0.896,-3.272,0.0518,0.000292,0.0175,0.0601,0.451
3g29NeY2wZb4XJQUB89gc4,8,1,5,109950,56.414,0.244,0.622,-10.861,0.0407,0.234,0.127,0.07,0.0628
5cR8ZXWzh4hyVkQapTRWLP,4,0,4,194711,131.678,0.232,0.471,-12.386,0.0552,0.058,0.883,0.0867,0.128
5Z0WctSOAlA7yyMl4rxQMf,7,0,4,240777,88.917,0.259,0.688,-8.011,0.0418,0.118,0.794,0.141,0.335
6zmmizkrjDNQ1csCAPqGaa,6,0,4,296000,80.002,0.499,0.587,-12.841,0.0353,0.548,0.859,0.179,0.202
7najurs7Jp5oGXuCi6aabx,1,1,3,150507,145.024,0.363,0.806,-5.355,0.0423,0.245,0.961,0.104,0.288
5eyfpM7J3IulZ9LAS8iTb1,1,0,4,176354,139.877,0.59,0.721,-10.776,0.032,0.134,0.479,0.0948,0.672
5quSOGZAw9Yz3BdDy3lEKR,4,0,4,147697,140.948,0.528,0.804,-9.539,0.0527,0.134,0.939,0.143,0.667
0sM45FCLIiCS3EnUq2kU2q,3,0,4,234427,153.784,0.177,0.894,-4.908,0.0504,1.49e-05,0.00714,0.277,0.327
0ufOm03lMmf4G6LpbtN624,10,1,4,402910,82.503,0.483,0.956,-4.933,0.0516,0.000408,0.0413,0.265,0.599
3amvUumIKkeMaRt3rdIGMZ,10,1,4,226320,164.982,0.416,0.983,-4.086,0.131,0.000187,0.00132,0.445,0.193
5eUkMkizPFQjuHF3cQA5YZ,4,1,4,433000,126.287,0.297,0.964,-5.716,0.13,9.77e-05,0.0139,0.332,0.23
6cg6nZ836vKGEa4Or59oXe,1,1,4,280800,139.977,0.419,0.962,-4.774,0.103,1.98e-05,0.0,0.0773,0.214
7LDUUnmKZ34nsD7Z8EJ5ZB,9,1,3,517360,119.963,0.257,0.955,-5.784,0.103,0.000332,0.809,0.0476,0.107
2WwEiO4SL3XRgRbXNFOm0L,6,0,4,599907,145.003,0.239,0.824,-4.053,0.0462,0.00116,0.0272,0.0551,0.268
3XcmGKdOuFsWHiWfK6TtKx,9,1,4,586987,140.028,0.534,0.728,-5.857,0.0399,0.00122,0.00261,0.0716,0.162
1S42KkdKKSyCx6KrIO05OQ,1,1,4,294307,131.914,0.269,0.952,-3.612,0.0763,0.000136,1.41e-05,0.0599,0.32
0kZ0ZycHlq3KEQUbfWJddm,4,0,4,297226,125.061,0.456,0.923,-5.328,0.0727,0.0011,0.000358,0.427,0.214
7aFzIR3XNSvZ9FiB4kt5Oz,4,0,4,273440,138.074,0.452,0.937,-3.613,0.087,0.0397,0.000734,0.103,0.372
4tonoRF0QdyvfjReXGu6s3,9,1,4,272453,160.081,0.443,0.971,-3.424,0.167,0.0827,6.73e-06,0.218,0.0986
03qYEu1PcJMWIw1I06v7mq,2,1,4,229813,129.981,0.545,0.945,-2.968,0.0683,0.00433,5.93e-05,0.275,0.416
436fean1BtveALnRgyYKKS,8,1,4,373347,92.508,0.411,0.96,-4.568,0.0856,0.0021,5.46e-05,0.288,0.183
2g0bLtHmGATw43n6X5zGFw,7,1,4,361867,169.975,0.388,0.957,-4.318,0.0537,6.64e-06,0.0011,0.309,0.462
15TrJOxxgvpYShCzrpI8GI,0,0,4,316213,130.008,0.53,0.928,-4.988,0.0349,0.000154,0.000409,0.333,0.486
5LC8MnpRBBIhVA8FFWVnGd,2,0,4,242067,159.981,0.24,0.732,-8.618,0.0472,0.00327,0.862,0.108,0.0394
3OWUPuTVfiLyFpD7sTYgKA,5,0,4,234339,191.837,0.147,0.813,-4.174,0.0701,0.000286,0.0199,0.156,0.227
3sz6nNih9aCuh3yNTsVrst,11,0,4,332053,109.991,0.543,0.985,-4.684,0.0623,7.26e-05,0.00105,0.086,0.287
6hD1k2CaCemjd4cXkZZxy6,9,0,4,247500,145.009,0.355,0.957,-3.414,0.0736,2.13e-05,0.00165,0.376,0.132
1O4QL91YBPuvwoyHT1h1h3,0,0,3,246280,97.63,0.182,0.824,-3.91,0.0598,0.000138,0.00193,0.136,0.24
0y3XhGyBXOF1QZjviUm6io,11,1,4,496374,76.177,0.133,0.863,-7.314,0.0752,0.000327,0.772,0.0604,0.0908
5qKymwS7ymNUCRimGhiQkm,11,1,4,292147,153.656,0.35,0.967,-3.388,0.1,0.000153,0.117,0.258,0.461
1lsxvmGEjPZRJKiO40K2zJ,2,0,4,196525,75.014,0.406,0.885,-7.446,0.103,0.0162,0.917,0.122,0.213
0ngSk8aGEjWS6fsHIV9KKj,11,0,3,269088,89.011,0.161,0.942,-6.67,0.14,4.76e-06,0.00315,0.106,0.198
2fLXgNuhqugprkOOpAqRHs,10,1,4,295440,160.011,0.3,0.884,-3.836,0.0504,0.000553,0.0,0.065,0.407
25UznYxMoMzQd4S963GMkp,1,0,4,206000,118.022,0.518,0.983,-6.273,0.106,0.000623,4.2e-05,0.14,0.221
0tSzUQEjymCZjmfnnnaqvm,2,0,4,211449,132.01,0.603,0.694,-7.04,0.0272,0.000168,0.853,0.0997,0.239
7F3mpt8DaJkZkwYzNYRMck,9,0,3,118696,139.887,0.496,0.672,-9.476,0.0901,0.00381,0.603,0.109,0.183
23fuz8BNjGTANEMclfuIXp,11,0,4,257187,95.001,0.461,0.94,-6.494,0.116,3.55e-05,0.0223,0.0992,0.337
1qOVvGRqlHqW5d7l139QPl,10,1,4,442703,120.032,0.283,0.823,-7.632,0.0501,0.00309,0.89,0.38,0.127
2ffvfzHMBOWQHpETCHJUS2,1,1,4,176840,138.008,0.249,0.917,-5.728,0.0909,0.00187,3.01e-05,0.314,0.487
5yiLbBbQZq74KDu7vDMIO9,4,0,4,147533,158.127,0.295,0.729,-10.187,0.0429,0.00134,0.906,0.097,0.146
6aC9xeShtKqsxqHnfLii6X,3,0,3,326947,170.0,0.313,0.931,-4.116,0.0902,0.0397,1.1e-06,0.39,0.234
0WOg0OZwO9aRKjXrMGVpLb,3,0,4,257667,82.542,0.198,0.826,-7.191,0.0831,0.00687,9.93e-05,0.84,0.156
5T4ngPEPvNmEFkSDa7cxVw,11,1,4,246293,169.979,0.396,0.936,-5.38,0.0581,0.00145,7.43e-06,0.296,0.316
5M20UJY30aF174qZzEaIx3,3,1,4,188500,118.317,0.237,0.454,-11.428,0.0498,0.611,0.943,0.119,0.0399
4uElUPAj1rdHxyo2t7pWJR,9,0,4,463341,144.997,0.387,0.661,-11.284,0.0445,0.262,0.829,0.108,0.174
5fwea9fSWEDxigrz7cuq5E,0,0,4,215656,99.922,0.392,0.83,-8.12,0.0624,0.00456,0.854,0.24,0.228
5AC6aY9RpZDmOIpDy75n3U,10,0,4,207965,91.074,0.443,0.972,-5.367,0.0715,1.77e-05,0.318,0.334,0.408
586eHbSgVkBHlWP6ORwx6E,0,0,4,82000,85.499,0.523,0.921,-8.141,0.0332,0.497,0.905,0.0724,0.447
59G5EXxa2yL4LgjByfgVdM,10,0,4,182565,103.891,0.282,0.454,-7.155,0.0304,0.312,0.975,0.15,0.0682
6q0yh4KKUs8A9VqebUs8YW,0,0,4,291827,81.482,0.437,0.703,-5.413,0.0368,0.00707,0.859,0.135,0.219
59C7hfbXMkWRIzIkuTR8ZU,5,0,3,193160,109.693,0.182,0.328,-16.023,0.0338,0.512,0.918,0.129,0.0693
0t5DVuofflinsoNYfVgm7t,8,1,4,373347,92.508,0.411,0.96,-4.568,0.0856,0.0021,5.46e-05,0.288,0.183
735TrGBdltkavYRHQ82L1P,2,1,4,237160,179.974,0.364,0.958,-4.447,0.0801,3.95e-06,0.296,0.163,0.132
3WFq8PMeiDoeWIn95SmbQE,0,1,4,300320,135.996,0.517,0.916,-4.933,0.0559,0.000182,0.00191,0.306,0.444
3e77C0bCaFIUXNFxI075D9,2,1,4,246493,174.859,0.341,0.928,-5.2,0.0691,3.36e-05,4.33e-06,0.109,0.353
36q6MQQjL77WM8NYlzYlbh,4,1,4,343667,179.915,0.21,0.906,-4.551,0.0895,0.000282,0.0,0.408,0.231
2pSNmrKp1waGs6HOUlpgMg,7,1,4,387500,82.136,0.119,0.964,-5.332,0.0853,1.28e-06,0.229,0.0625,0.191
5oZQNLX1o3U3VAAf5Y6Zcd,8,1,4,307500,129.984,0.453,0.895,-6.761,0.107,0.000933,0.00201,0.39,0.424
0PXA1IlMwAK2fuAKVfCAyz,0,1,4,267333,94.959,0.461,0.99,-4.247,0.0719,0.000352,1.96e-06,0.169,0.278
70W93eo512TlfEO5dxgTSR,11,0,4,288040,169.953,0.368,0.934,-4.498,0.0536,0.00152,1.06e-06,0.233,0.366
1IaQLINjiOCSv4INrrv0aS,1,0,4,277547,141.214,0.465,0.958,-4.247,0.0418,0.000156,0.000111,0.117,0.615
2GXYsdmhcoIlFYnvIQr1jJ,11,0,3,201600,144.02,0.485,0.487,-11.705,0.0382,0.0824,0.915,0.1,0.17
5YKGHpXZUPSnChwYxbZHW9,4,0,4,180672,134.0,0.587,0.389,-24.327,0.0435,0.932,0.863,0.185,0.929
3Mz5lXbMBK2tUmKAwAJwi1,8,1,4,317733,175.036,0.308,0.965,-3.172,0.0591,2.28e-05,0.0648,0.117,0.189
5xpHAqKjoX5IMFW1aVBfA7,2,0,4,197365,158.009,0.373,0.895,-7.169,0.0889,1.93e-05,0.854,0.145,0.197
7kBc6v1FQuLqbvGNqGiJrR,0,0,4,328200,120.034,0.506,0.383,-7.26,0.0312,0.0609,1.81e-05,0.155,0.132
4Uq3fEihBEjzWX4KVYCZ8Q,7,1,4,196987,110.028,0.446,0.878,-6.261,0.047,2.94e-06,0.934,0.62,0.206
6S83nQwA0aPHKB86vAqgl5,0,0,3,496400,95.053,0.174,0.84,-7.319,0.0537,5.24e-05,0.549,0.409,0.0562
3LPVfzrc9G8EOQ00nTgvKL,9,0,3,474667,186.892,0.234,0.865,-6.268,0.0649,2.12e-06,0.48,0.152,0.273
4cN0IBNbFkq0srzoyNOC4C,2,0,3,616107,153.68,0.166,0.652,-7.732,0.0368,6.69e-05,0.0549,0.108,0.137
5MqVSSinDohOuMjNhO6PU6,9,0,3,341627,77.447,0.101,0.794,-7.763,0.0464,5.49e-06,0.33,0.121,0.139
0QvkDPezujrAC8PhnAoAQY,0,0,3,143987,99.976,0.468,0.511,-17.201,0.0271,0.000287,0.9,0.513,0.157
6U7gqX1rVxglIKUpgLN7zF,8,0,4,341987,136.03,0.404,0.703,-6.137,0.0383,0.0126,3.38e-05,0.122,0.253
74o1cg9tLOupaqmwntiMQA,8,0,4,247560,117.949,0.595,0.793,-6.68,0.0319,0.0135,0.00208,0.356,0.412
3pb35jSVs2dWAXd6Tfx8o6,8,0,3,233360,187.774,0.172,0.724,-7.208,0.0461,0.0664,3.01e-06,0.339,0.392
1SaInvvrKTlBfpiFMhrwvk,11,1,4,246227,79.995,0.389,0.673,-6.434,0.0296,0.00485,0.487,0.117,0.112
2DidEKKTQvvnnhGKFz2KUk,10,0,4,266227,115.835,0.376,0.439,-8.208,0.0317,0.367,1.18e-05,0.114,0.067
79qexJ0V2kYiFPCjVXFVK1,3,0,4,349785,119.959,0.557,0.526,-7.734,0.0358,0.187,0.000448,0.142,0.154
0eiS4yG10eYDEK3YoxjRSV,8,0,4,320467,139.693,0.513,0.584,-5.53,0.0284,0.608,4.94e-05,0.189,0.24
40TajLZcodvnnoWQSHGlu5,8,0,4,360333,76.841,0.427,0.864,-6.1,0.0342,0.000882,0.101,0.0905,0.236
17YaNuM4mmsGEOtCAWoB1s,7,1,4,224282,156.085,0.502,0.938,-6.733,0.0421,0.00085,0.0375,0.13,0.743
265JCbbQOkHrX3mVIPwhwV,0,1,4,302693,124.766,0.341,0.379,-6.044,0.032,0.00529,1.8e-06,0.13,0.0906
4kCmheqieKuFWbRwHFO4Z6,3,0,4,227960,122.012,0.487,0.901,-4.603,0.0636,0.0132,2.78e-06,0.128,0.283
2t1G0rDxUY9zjML3f5mObb,10,0,4,229816,120.018,0.545,0.977,-5.033,0.106,3.12e-05,4.38e-06,0.0704,0.172
1AbpL9MbH8Qto5onaivepK,3,0,4,318904,146.022,0.436,0.934,-6.155,0.0821,0.000183,0.000237,0.291,0.32
76Su5OEk21c3W1evmPixOK,4,0,4,313907,140.07,0.475,0.979,-4.831,0.119,9.69e-06,0.424,0.34,0.255
4Mtj8Pf6GBFctUuG8mP9fO,7,0,4,208587,165.28,0.22,0.865,-3.679,0.0602,0.000281,0.0,0.322,0.48
6e3NycWM7ZokZgeUR1CpNj,8,1,4,405600,100.049,0.662,0.797,-6.366,0.0259,0.0617,0.726,0.104,0.214
1KqIMKJSmlM54B9rsReU5d,4,0,4,290713,96.019,0.394,0.846,-2.268,0.0501,0.00299,0.00901,0.106,0.291
17flUOuc2GBWHXWTu0GvOc,0,0,4,509493,133.8,0.434,0.669,-7.793,0.0569,0.0495,0.0291,0.149,0.323
1O92QDqg1AdE1RxZWSVL3N,6,0,4,246347,155.009,0.418,0.937,-6.16,0.0691,1.58e-05,1.39e-06,0.103,0.623
4GuyQWu5gv3oYBY95aqegH,7,0,4,321333,94.974,0.427,0.846,-4.901,0.0348,0.001,0.000845,0.254,0.296
7kcVC2eKPB8b032FN7hrds,7,1,4,287040,139.976,0.449,0.973,-3.305,0.0735,0.00129,0.0,0.137,0.342
4sJdeRLuhViXU1qp4wE6iC,9,0,4,210083,125.054,0.59,0.886,-6.825,0.0459,4.45e-05,6.07e-05,0.065,0.59
1xjF59DD3HY42KGQIIFYZf,1,0,4,299000,124.941,0.516,0.728,-7.175,0.037,0.0199,0.0,0.225,0.322
7AJF0FwTLQFU0K8XFOC3ow,3,0,4,313933,104.067,0.475,0.898,-3.416,0.0388,0.000748,0.00108,0.0685,0.149
1FlfCrgR0BwSNRjxCEli2q,8,0,4,316827,154.996,0.457,0.978,-4.398,0.054,7.01e-05,0.00406,0.0853,0.656
1XK8UvjHKNkrrfsXnTaQ4A,9,0,4,464627,114.947,0.172,0.71,-7.669,0.0458,0.000116,0.941,0.357,0.138
4TwouXBaEx3sqGU3VFUhgL,5,0,4,500309,95.013,0.369,0.79,-7.662,0.047,0.00712,0.841,0.138,0.0852
60TtjskkYuHiyCE3kyXzvq,10,0,3,550125,179.751,0.0756,0.868,-6.053,0.0539,1.37e-05,0.183,0.346,0.277
0RZVAhyB8vhxQz6ITjiuyA,2,1,4,340281,76.976,0.5,0.85,-7.759,0.0493,0.000406,0.00515,0.121,0.434
5M7YBMBghu0FEPbqPaq723,2,0,3,203428,140.908,0.231,0.658,-8.007,0.0553,0.192,9.34e-05,0.106,0.0732
3jqcJNacs1yDhtMk0wckxv,2,0,3,194400,149.94,0.303,0.551,-8.745,0.042,0.347,0.608,0.112,0.159
6tGtmVVS8ccFbJmewqhUTg,7,0,4,208084,140.058,0.432,0.87,-7.906,0.0444,0.0193,0.0,0.069,0.121
4nZN6SYwIxPyiJe2GvCcVL,5,1,4,275120,80.018,0.387,0.882,-5.684,0.0537,9.57e-05,0.0183,0.678,0.304
70yvAX8YUBYAjWd2S4KHSl,5,0,4,294000,154.979,0.388,0.959,-4.631,0.0782,0.000303,1.32e-06,0.0909,0.374
03AsZLtiONQu2mzQalFEh5,6,0,3,279360,144.122,0.134,0.424,-14.277,0.0378,0.264,0.88,0.11,0.179
05oxYh4p8HZSGI7Mk8KT9h,5,0,4,231204,141.72,0.394,0.752,-6.239,0.0405,0.00598,0.919,0.306,0.567
43zYOKcIZNHYiYJZqiUat2,8,0,4,383507,112.018,0.533,0.622,-8.348,0.0332,0.0261,0.649,0.115,0.219
0Z9q5FGNrnR0IXbCG5JAcS,10,0,4,306521,173.467,0.211,0.695,-11.565,0.0573,0.000108,4.4e-05,0.0712,0.31
7t8RNLtjmNY1F1OBHhwcVj,4,0,5,162256,107.468,0.175,0.783,-5.02,0.0367,0.00423,0.462,0.471,0.409
4RJxoWVuGjijWHFs7rWeCL,4,0,4,268979,146.318,0.34,0.977,-2.343,0.113,8.48e-06,0.482,0.316,0.11
6BAAuoiCFUyevMX1wGGnrn,9,1,4,210590,139.669,0.284,0.976,-3.475,0.131,0.000124,0.81,0.0959,0.306
18WkZc8oSSIz7BFSh7K9Wd,9,1,4,223446,121.87,0.417,0.937,-3.332,0.0529,2.75e-05,0.862,0.582,0.435
6HvZwhwEkSedNXDOOelEHi,4,1,4,223897,147.95,0.278,0.969,-4.577,0.145,7.79e-05,0.884,0.047,0.0674
0gkkfUbuGoQ4nGblM1As5L,7,1,3,311780,142.663,0.176,0.9,-3.658,0.0593,2.74e-06,0.823,0.0981,0.275
4DUbHhpILPcrvsiIsX0ABw,10,0,4,223240,149.855,0.191,0.98,-3.413,0.213,2.12e-06,0.885,0.0614,0.076
04CqccF0CRt0M409GAExwx,3,0,4,294520,152.009,0.277,0.978,-2.884,0.126,1.75e-06,0.927,0.233,0.0606
67K3qtJ8UQO7RPIqxEch6a,1,1,4,299747,162.004,0.44,0.952,-6.194,0.0526,0.000139,0.00254,0.0524,0.57
6uKvnGeg6xgzPTH3QSPTB6,4,0,4,199280,139.02,0.52,0.897,-3.946,0.0797,0.00246,3.96e-06,0.111,0.397
1AbIKgq2PZ7aNQQo747VyY,3,0,4,328613,137.987,0.382,0.638,-9.165,0.0336,0.117,0.861,0.138,0.224
7D1wLtyGaUppoqMleM6VqT,9,1,4,396067,145.014,0.414,0.945,-4.66,0.0897,0.000333,0.479,0.314,0.565
0Rc85jwdOT7IBXpsgEKRAh,7,0,4,273402,172.079,0.303,0.879,-3.761,0.0578,2.66e-05,0.892,0.467,0.226
2HTMy5d7fLNlWBIINGEOkK,7,1,4,274800,85.423,0.235,0.911,-5.166,0.0412,1.67e-06,0.764,0.332,0.242
6xto8LKywFhEM7AFMNXEYm,1,1,4,186081,95.033,0.41,0.992,-3.759,0.0717,5.21e-06,0.955,0.298,0.64
42E4F50hNU0KFPLQCATsiI,4,0,4,212944,194.917,0.284,0.933,-6.782,0.0988,0.000305,0.861,0.214,0.126
5uNhotVqH0lUB7GtHVLC5g,8,0,4,419587,92.238,0.3,0.476,-7.745,0.0323,0.00149,0.823,0.11,0.036
6JmLarU3CA1ewRprzgqBdT,7,0,4,257600,149.998,0.526,0.989,-4.121,0.119,8.35e-05,0.0565,0.139,0.12
7wWlxfXN3XBxAlRYQXuIqw,11,1,4,393829,114.999,0.253,0.951,-6.251,0.0968,0.000862,0.419,0.282,0.183
0dndep8EDBBJPUmMOoueNq,3,0,4,211050,143.991,0.376,0.969,-4.728,0.0756,2.27e-05,0.223,0.0894,0.236
2rwMwPKgSVNCS5mJZT0rgY,2,1,4,262813,171.961,0.387,0.903,-4.334,0.1,0.000136,0.0375,0.0525,0.166
5qiQvib01XpXxtzq6lNKWy,5,0,4,289467,143.087,0.406,0.983,-3.264,0.0897,0.00117,0.941,0.268,0.196
4eOdcJLpuzntM0SN1TUxkB,0,1,3,225733,155.191,0.381,0.978,-3.533,0.0985,2.39e-05,0.941,0.165,0.361
605qZqhT4TdTi1vNbDMrQF,8,1,4,317027,120.58,0.434,0.996,-3.752,0.127,5.36e-05,0.942,0.0945,0.131
0kacgFPjXaxhE0tLeS6o6I,2,0,4,207093,112.092,0.409,0.965,-3.47,0.122,1.11e-05,0.887,0.79,0.181
69KiosrzhAfEW3Te67Ssva,3,1,4,199107,87.053,0.389,0.972,-4.378,0.0472,7.42e-06,0.958,0.335,0.436
7EHdXJLJs1vVUIyCPShpkt,7,0,3,195918,78.96,0.408,0.457,-5.876,0.0279,0.464,0.82,0.227,0.119
0jkHpyngR9K85eg6gc3W2p,4,0,4,307392,184.985,0.358,0.996,-1.067,0.177,0.00013,0.00653,0.44,0.132
4RbdMjzGnjCnm0WiM2s85c,5,1,4,311986,104.979,0.44,0.984,-6.091,0.112,2.84e-06,0.93,0.156,0.0382
6iY9AS4wKGbUCDyxAjWICR,2,1,4,275640,127.981,0.461,0.977,-5.135,0.0769,1.13e-05,0.934,0.365,0.239
3p1XieTGbODd1PCYUrcH1Q,9,0,4,380267,94.013,0.503,0.735,-7.045,0.0295,0.0284,0.928,0.0739,0.0637
1MoEyYsa9Y0FvApwLskO1l,4,1,4,231187,176.132,0.343,0.945,-3.259,0.0554,0.000101,1.05e-05,0.346,0.54
5x38KMin4OEIyOujI1Ti9g,2,1,3,307839,170.054,0.283,0.508,-10.063,0.0368,0.00169,0.111,0.11,0.0376
37rufi0IG8pgTdFJEgPZal,4,0,4,276497,135.028,0.518,0.747,-7.698,0.0304,0.00298,0.931,0.106,0.305
0DSmMweggICII01Nb0QQk7,10,0,4,495240,129.975,0.415,0.815,-7.922,0.061,0.000371,0.502,0.19,0.153
0eOyvQ2SeejSS0zJmLS4Wq,0,1,4,234386,128.206,0.395,0.769,-9.442,0.0571,0.194,0.754,0.112,0.0388
2QrkELJRz3Fk7YZoIxzNNP,2,0,4,172000,165.059,0.485,0.895,-6.883,0.053,0.00166,9.81e-05,0.132,0.665
4dTUqfrJa0DrBHZ91rpQ7Y,2,0,4,187150,83.022,0.207,0.267,-15.073,0.0302,0.894,0.758,0.0637,0.0609
4zPDjQRYgBbk1ZcNHutQgb,10,0,3,303811,119.836,0.394,0.546,-9.723,0.052,0.432,0.000136,0.0974,0.136
2Qb7LQYOECnFqWGKAQl6eJ,10,0,3,342500,119.976,0.218,0.462,-9.576,0.0557,0.39,6.21e-05,0.0994,0.08
6xKKlNfGjemkcoTCTpfq0C,2,0,4,231218,118.139,0.343,0.727,-6.652,0.114,0.307,2.78e-06,0.103,0.198
6jVL0yMPGDpyU3FYyMCoCk,2,0,4,284274,79.871,0.333,0.613,-8.414,0.0756,0.209,1.15e-05,0.049,0.11
5SXsXjVJCWeJuf7FHvgBYR,7,1,4,123360,118.985,0.25,0.553,-8.188,0.0429,0.606,0.673,0.145,0.226
497GNacwaZnIDyAhXzNlnN,3,1,3,144750,99.891,0.361,0.441,-11.825,0.0421,0.0116,0.589,0.112,0.109
6B5CreBjXctEusjO1zBb38,6,1,4,203884,100.416,0.352,0.214,-18.424,0.04,0.977,0.911,0.118,0.165
7HEgOGOTgdOsyu7WKvduJ9,9,1,4,385720,63.101,0.0632,0.0851,-22.069,0.042,0.798,0.45,0.0941,0.0392
6pUzif0b1pQjDPvkPORKm5,7,0,3,475481,79.932,0.402,0.171,-9.63,0.0336,0.257,0.436,0.11,0.0423
3ZkU2zbjNdq57mvlufBL89,7,0,4,600346,105.116,0.304,0.477,-6.788,0.036,0.482,0.0812,0.0616,0.0455
1gfRRkptGNdhfsadS64Sm3,9,0,4,419135,133.027,0.553,0.281,-9.753,0.0292,0.629,0.807,0.111,0.112
2vuDOt8VKb4lqIhSN3MWnT,7,1,4,182133,141.994,0.571,0.33,-17.527,0.0414,0.982,0.896,0.149,0.316
71CjPODa65bRZGA8vwozzv,9,0,4,188373,74.807,0.191,0.535,-11.079,0.0417,0.891,0.905,0.0972,0.176
1ijrMIqQvZNsnoqGukPzFD,5,1,4,159667,104.425,0.402,0.046,-22.779,0.033,0.979,0.513,0.0771,0.0967
3IOYf1aTCLYtYCxWjraHxK,5,1,4,224078,89.768,0.309,0.415,-13.099,0.0323,0.872,0.933,0.371,0.0901
6aNpo6grTqx0bV9g7eF9B1,0,1,3,124307,99.882,0.317,0.479,-7.924,0.0336,0.0998,0.925,0.105,0.298
1rpjw2ZXeQGoWMviHSCR64,7,0,4,272453,151.935,0.46,0.833,-8.599,0.0446,0.00012,0.885,0.0642,0.419
07nYZZQT49i7yAIs3k3tOe,5,0,4,402573,160.011,0.453,0.689,-7.137,0.0303,0.698,0.889,0.0908,0.201
4bSetRYOPYAMlLc9mgEGr0,3,0,4,313533,127.853,0.444,0.645,-4.039,0.0312,0.00421,0.0,0.111,0.15
2K2NeVnP853rkR5ese8ZLP,9,0,4,235720,115.998,0.522,0.975,-5.895,0.0917,0.00649,3.62e-05,0.189,0.242
77mfHBTwXw6ykDWsXaI6DR,7,0,4,259213,140.019,0.565,0.948,-6.204,0.0354,6.07e-05,0.000127,0.0876,0.468
42scnHlial9tmOzK6MBJFt,11,0,4,277453,115.019,0.552,0.791,-5.342,0.057,0.00138,1.77e-05,0.0936,0.233
7E2ZNBAy0DFOWC5RUEyh5V,5,0,4,362411,111.922,0.49,0.463,-8.758,0.0329,0.0562,0.00312,0.0848,0.0918
6tJPdGKrbAeyhkkhn44RHR,0,0,4,324018,162.922,0.47,0.834,-9.157,0.0368,6.54e-05,0.00102,0.372,0.189
20ztml2STRF7Sq1UaBB6ox,5,0,4,289187,99.994,0.448,0.955,-2.945,0.0441,0.00108,0.837,0.371,0.39
0qoznAGKZOBgne7MiycPPc,2,1,4,303787,149.936,0.397,0.929,-4.511,0.116,0.000596,0.000541,0.315,0.116
2p52gsQvK0j7OAqi6Grtxf,4,1,4,859668,94.992,0.185,0.94,-4.243,0.113,6.49e-05,3.37e-05,0.228,0.0879
2wWQwx1ymkpCr4ItPUQ94g,6,0,4,456480,144.815,0.252,0.646,-6.965,0.0315,0.0225,0.865,0.107,0.193
1qeMK3AujlaV7wL5LlGxXX,11,1,4,287547,127.449,0.461,0.94,-4.81,0.0901,0.000353,3.82e-05,0.471,0.221
5K97BymjbBhGRb9NyOqJ4t,1,0,4,560867,119.908,0.415,0.92,-6.345,0.114,0.000227,0.00941,0.132,0.141
2VybqOfWUPQRSdpcSUOsym,8,1,4,365040,81.919,0.448,0.669,-6.446,0.0395,0.0113,0.000436,0.122,0.168
77U7qqNb03WMltzxddhN3T,6,1,4,379133,85.003,0.112,0.983,-2.867,0.195,1.11e-05,0.0318,0.144,0.146
3AVQriQNEIFadgGH4GK808,1,1,4,281351,95.015,0.439,0.921,-3.93,0.0386,0.00179,0.574,0.0834,0.333
0Fg4xtdQZwMwkPYw0pCcfF,6,1,4,369973,170.036,0.287,0.887,-5.772,0.06,0.0905,0.0,0.16,0.329
2k5pkq5PH70nf31qvE7lHU,0,1,4,366000,180.077,0.272,0.918,-6.421,0.0861,1.08e-06,0.0534,0.106,0.0604
3AYm1Mljf1w76c9pAmhYws,3,0,4,271800,141.232,0.39,0.992,-4.587,0.0899,1.29e-05,0.332,0.0947,0.124
7LgHGgWLig6595i5lQMIcj,3,0,4,264933,67.025,0.0675,0.992,-3.812,0.159,6.76e-06,0.833,0.312,0.0457
1xFrfYd7PHXTAriPTOfxL8,2,0,4,294587,99.918,0.375,0.948,-5.049,0.074,3.93e-05,0.836,0.306,0.14
5doib1BE6OsHR60PAHVgx3,8,0,4,407013,164.552,0.341,0.969,-5.996,0.247,0.00021,0.0189,0.123,0.0575
6yMlHBgwnIhrF2Qvnt2Yyn,0,1,4,377133,101.071,0.491,0.377,-11.203,0.0271,0.0471,0.919,0.424,0.1
568nXF19QXYPZnQ6XSkuSH,6,1,4,251067,169.833,0.239,0.596,-9.449,0.0311,0.0915,0.79,0.27,0.196
18S33odAheWBHbVAefiRLM,2,0,4,270233,109.998,0.533,0.803,-6.702,0.0376,0.0447,0,0.392,0.165
7baeeba0U8BqHOdP9LSYPy,3,0,4,257667,82.485,0.428,0.831,-7.198,0.0496,0.00546,0.000119,0.85,0.198
5xewhkFwXVBtR8bskoBlv1,7,1,4,276872,119.956,0.468,0.884,-4.307,0.0463,0.000121,0.0745,0.138,0.197
6FANk1FhICNDHaKIcysBc5,11,0,4,293680,113.209,0.265,0.811,-7.329,0.099,0.000151,0.00253,0.101,0.315
0R5nPj93AsZfZvVT2McGf3,5,0,4,362411,111.922,0.49,0.463,-8.758,0.0329,0.0562,0.00312,0.0848,0.0918
4PAhh2XNch3bxpeAK5gzgW,9,0,4,257320,91.02,0.509,0.856,-5.091,0.0553,0.00895,0.0108,0.424,0.427
5JtSrLWKRrHG2ojy1HMAvY,5,0,4,235107,115.984,0.62,0.553,-9.091,0.0293,0.262,0.302,0.12,0.227
4E0SwMbCpOG8KvPQzsw1o8,0,0,4,324018,162.91,0.47,0.834,-9.156,0.0368,6.54e-05,0.00095,0.372,0.184
4tQXwuQXQsJK2FsD2xO6tJ,7,1,4,238254,105.008,0.547,0.932,-2.616,0.0432,0.00416,3.96e-05,0.0391,0.54
0BEJOtuqIeyAreNKplE8Re,7,1,4,214351,131.075,0.411,0.925,-1.701,0.0774,6.16e-06,0.95,0.197,0.214
3wQ2F1MjiNMENmvy4xUeXy,10,1,4,267693,112.001,0.706,0.443,-8.422,0.0349,0.744,0.555,0.162,0.376
2cd1YlL65f2gGKV2KkDDDM,6,1,4,175818,126.396,0.441,0.874,-4.728,0.0726,0.0176,0,0.259,0.595
4lpUWChAk5H5cOmC1cBKJ8,10,0,4,410427,172.063,0.266,0.962,-3.677,0.0679,0.000134,1.18e-06,0.957,0.347
6NckTLOMeZFE9sqx4EyisQ,11,1,4,326893,144.06,0.434,0.941,-4.663,0.0849,2.59e-05,0.0277,0.0833,0.251
5S1nuT7jdtNbZ2elc99Dqx,9,1,4,308653,179.981,0.463,0.944,-6.508,0.19,0.000595,4.3e-06,0.106,0.465
4N98sfqOlMlP1iO7kuW0t9,6,1,4,431080,184.006,0.263,0.968,-3.674,0.121,6.81e-06,0.000981,0.747,0.286
1VRnW4Qk8PP3EGGFMs6Z32,4,0,3,416693,150.499,0.315,0.822,-10.437,0.103,0.047,0.0077,0.274,0.164
3LnePh1mlduj28bGZRFUQS,8,0,3,189893,81.247,0.583,0.415,-7.56,0.0261,0.846,5.2e-05,0.141,0.399
2XdMEm8vn1bjiePCToA6mD,6,1,4,351400,131.987,0.497,0.983,-2.649,0.112,0.00025,0.000627,0.162,0.312
2ZZo65CEkA83Q662zNebIP,9,0,3,327587,164.938,0.169,0.932,-6.879,0.118,0.00682,1.09e-06,0.317,0.267
0W43LnKXzRivi0WPaoBLVO,9,1,4,233520,161.925,0.262,0.928,-2.795,0.0894,8.08e-05,4.76e-05,0.195,0.533
3KMjWFkTICfl1843ZbdyQx,3,0,3,498293,144.07,0.431,0.908,-4.154,0.0477,8.89e-05,0.00236,0.0764,0.308
0TpukZ7KJGyxYGFe6AgtOD,4,1,4,191670,135.076,0.544,0.944,-6.161,0.0522,0.00266,1.48e-06,0.103,0.572
716MGFv7rw3K8OYqGgF38t,5,0,4,302423,142.02,0.446,0.826,-6.151,0.0564,0.0598,0.000482,0.0916,0.277
38C026xnfYW1J7hqdbef0c,9,1,4,320000,95.001,0.557,0.818,-8.21,0.0383,0.00195,0,0.103,0.353
7BwCvMXMUf1kt36Xfbi9k6,1,0,4,283079,145.0,0.469,0.974,-3.193,0.0455,0.000347,7.97e-05,0.103,0.534
7JToOyehVvHHHqxHPwS9La,7,1,4,339413,116.946,0.514,0.997,-4.297,0.121,1.18e-05,0.193,0.377,0.102
2xCPy6z5qUIwHMHyRBRVSx,7,1,4,562693,89.967,0.434,0.884,-6.342,0.0687,0.00438,0.000676,0.27,0.216
1lRF81A1C9QoCgBcEop2zg,1,0,4,237933,125.993,0.487,0.952,-4.429,0.0613,0.000228,0,0.161,0.329
3JqeGhxwgyVDdO9T8kUeda,9,0,4,276987,74.99,0.417,0.891,-4.55,0.0497,0.00366,4.84e-05,0.232,0.478
7FMXTrpHqMDKVYtvC4lV5R,11,0,4,264520,170.093,0.343,0.99,-3.967,0.175,0.000713,4.76e-06,0.0757,0.128
5gJ1DNzFHwNFlEw1UltyFk,10,1,4,230293,185.03,0.411,0.946,-4.756,0.0987,0.0028,2.41e-05,0.708,0.644
2tj5IwADxakXFIoncvOPWL,8,1,4,315986,125.006,0.311,0.942,-5.175,0.0483,0.000206,0.238,0.158,0.651
3KkPHbFi3Rf7BRcRpjLskE,9,1,4,264560,159.933,0.446,0.978,-3.52,0.0985,0.000693,3.72e-06,0.393,0.19
5VZwMq6yaFb04PCTfdNY3K,0,1,4,280213,91.009,0.477,0.859,-8.625,0.0387,0.000333,0.000155,0.265,0.629
0qPFUhyQbjoxRNHfOT23or,8,1,4,259173,94.967,0.451,0.887,-6.295,0.0506,0.000163,8.87e-06,0.566,0.324
5efydZMkYiKSdRnvjCtTqo,0,0,4,261040,89.983,0.373,0.876,-3.867,0.0396,0.000137,0.00211,0.384,0.285
3f6KCfAEKkL43OvGty6NcC,0,1,4,353520,90.005,0.327,0.88,-4.841,0.0651,0.0225,0.00199,0.244,0.155
1w8r3PAxPPLfcuyRsC4BeA,4,0,4,199067,147.901,0.44,0.858,-4.38,0.0456,0.0297,7.71e-05,0.243,0.225
5QdnmiFFMiOyMzm6VD52pS,11,0,4,342489,86.494,0.463,0.936,-3.788,0.068,0.0214,0.000271,0.114,0.323
1tSBaIPzsboL8KI8rR7t2T,11,1,4,287547,127.449,0.461,0.94,-4.81,0.0901,0.000353,3.82e-05,0.471,0.221
42TJTYLMO2zYK2ADXRa6SF,8,1,4,192827,100.015,0.522,0.941,-3.947,0.101,0.000115,0,0.256,0.471
1yQdozAHO0cK9OFIsrCs0S,5,1,4,287000,127.94,0.575,0.582,-9.476,0.0301,0.0103,0.000178,0.139,0.297
1wtIIAA91MNuq9jZeUD8zP,2,0,4,406040,180.049,0.446,0.902,-5.328,0.0474,0.00681,0.000317,0.0793,0.278
5M4lIIYGdKYaMDpHPLVw90,2,0,4,288227,87.478,0.397,0.88,-3.743,0.0412,6.9e-06,7.86e-05,0.135,0.186
2qcxAbaFai3ZXle18e7FTn,11,0,4,222477,114.905,0.44,0.675,-5.684,0.043,0.161,1.22e-06,0.213,0.0762
5YaLFRpqpUzgLLDcukNn0H,10,0,4,224107,117.988,0.483,0.631,-3.826,0.0356,0.214,0,0.0974,0.212
5YkSYOz4nA3253hWKv3jSS,9,0,5,248267,159.951,0.471,0.953,-3.783,0.0829,0.0499,0.0105,0.114,0.498
4CrZegk7TilBGmcMnnaSw8,8,1,4,221347,180.122,0.363,0.783,-6.41,0.0381,0.000867,0.975,0.0924,0.201
7tKx2JOYdBvs4DoJWqtt05,8,0,3,318520,144.194,0.223,0.952,-4.708,0.0697,0.00447,0.957,0.125,0.0891
23KV6k2U77wPT3fbVq4l55,9,1,3,222813,115.004,0.472,0.665,-4.846,0.0333,0.0236,0.363,0.0842,0.0757
5YCejO4Z9w76P3JrIrpOpz,10,0,4,168920,162.033,0.403,0.913,-3.262,0.0311,0.0311,0.907,0.193,0.274
2uSjoyLWOuRgXZWKapcbUs,0,0,4,299013,119.692,0.345,0.474,-9.649,0.0438,0.82,0.881,0.119,0.0882
69Da4CGlEI5gyhek8l3ICe,5,1,4,388813,100.161,0.452,0.627,-8.644,0.0403,0.0236,0.861,0.102,0.0382
63BZPD66VgYc4X5y7b6QUr,0,0,4,388387,109.982,0.546,0.729,-4.377,0.0286,0.0263,0.899,0.0966,0.0966
5cShKTY4IZhgmtKFTIqreo,7,1,4,281013,180.031,0.437,0.64,-7.66,0.0285,0.579,0.9,0.209,0.154
4HrZYWhVwy6oOzn5BUPjIv,5,0,4,410936,99.996,0.467,0.817,-5.795,0.0296,0.00066,0.903,0.0759,0.145
3QrbInk9bNxZyt9uLvA1PG,9,0,4,240065,129.926,0.587,0.689,-10.725,0.0445,0.764,0.841,0.109,0.0959
0VfcYOujgf9JDAgwlgu1qm,0,1,4,185427,64.791,0.0623,0.1,-20.607,0.0459,0.982,0.934,0.116,0.0359
66uWLFYPcgkcLrsezpwM8w,0,0,4,249587,77.143,0.0701,0.0436,-22.568,0.0366,0.83,0.899,0.0367,0.0419
481rwKzqYNyzkLnxD4i62y,7,1,4,192813,76.089,0.119,0.00363,-34.548,0.0425,0.934,0.236,0.205,0.0367
4qaxeVzW69AqS6HHeMZaYC,2,1,4,275560,104.002,0.377,0.0475,-23.78,0.04,0.876,0.545,0.311,0.114
6zW80jVqLtgSF1yCtGHiiD,2,1,4,149480,92.137,0.45,0.0142,-23.669,0.0371,0.943,0.196,0.101,0.158
0ArFvYL7Kj9FwJdjjCs0Fl,4,0,4,111400,74.496,0.138,0.102,-24.728,0.0374,0.111,0.955,0.192,0.033
6r8PrHHFM1dQ9UD8UAp6lK,5,1,3,177314,180.087,0.284,0.938,-5.227,0.173,0.00527,0.951,0.111,0.194
3Lsxzkhu8U9hTApMjTrCzm,3,1,4,661781,128.04,0.385,0.8,-6.074,0.061,0.00681,0.131,0.0443,0.0903
2LNaHOlGadVUkhiIUwc5Bs,5,0,4,256560,140.003,0.38,0.879,-5.099,0.0545,0.00175,0.868,0.089,0.0724
27l2hfl85KUIK9z6N8dNUP,5,1,4,320853,140.012,0.444,0.939,-7.267,0.0768,0.0202,0.89,0.0873,0.214
3VJPYNpeHQS6qUX52uRExW,8,1,4,262154,129.987,0.587,0.76,-6.881,0.0317,0.0023,0.437,0.0964,0.213
4CS2jc4aVx3VlggUKz6u96,7,1,4,234832,152.028,0.325,0.826,-8.073,0.0565,0.227,0.0423,0.199,0.11
4o0sJFXHckKlBhhynZsSIg,0,0,4,254181,94.008,0.465,0.798,-8.449,0.0429,0.0986,0.864,0.167,0.364
2IIaPvjYta7Y09wuFOD8pX,2,0,3,232722,102.04,0.24,0.748,-6.402,0.0473,0.0635,0.893,0.149,0.147
3xyI8AfEq8a1BWdZwtq8Pm,1,1,3,186615,93.65,0.417,0.865,-7.846,0.0901,0.000686,0.849,0.385,0.0663
1r1eLyNsVZXrXACCVB1ADE,10,0,3,123811,135.025,0.436,0.826,-9.664,0.0531,0.137,0.119,0.0699,0.231
5TiMM0jscVmWgMwR42RLup,0,0,4,157648,140.453,0.336,0.698,-6.27,0.0324,0.0022,0.863,0.101,0.454
7jimrPCvzSC2IAMmwQ3XOD,0,0,4,130567,158.03,0.406,0.829,-6.514,0.0484,0.259,0.893,0.0538,0.29
6smvPsR6xx5iocptnrwH6K,8,1,3,179759,157.048,0.456,0.874,-8.294,0.131,0.0767,0.51,0.0509,0.406
7K6ZGai4neYqHuFSqX2jSb,2,1,4,139716,89.991,0.401,0.496,-10.439,0.0286,0.201,0.906,0.205,0.123
7lneLcDeYlo1yUkP2d6QG2,1,1,4,117233,119.996,0.455,0.8,-10.346,0.052,0.191,0.951,0.324,0.086
48kjkv8CzdZIW9hCMXE4VU,2,1,3,169824,88.712,0.193,0.876,-6.616,0.0674,0.207,0.0706,0.124,0.212
6vrkETwgE338I3QYxFg0ZB,0,1,4,109236,120.036,0.516,0.856,-9.611,0.0521,0.00935,0.956,0.571,0.175
6F5uMdLMXy1z6vvMKixC21,9,1,4,70927,106.27,0.193,0.252,-14.677,0.0302,0.85,0.922,0.113,0.126
0o9qArC5M8ykUSeyPC6PcH,2,0,4,152627,125.042,0.442,0.838,-7.586,0.0412,0.0181,0.327,0.131,0.169
4Ied3R99dyA0PGAOBh1mJY,7,1,4,143638,125.445,0.397,0.452,-5.517,0.0276,0.499,0.736,0.15,0.0464
0QaxMwz9iDegICYqhXAh61,9,0,4,128425,79.685,0.339,0.912,-7.512,0.0906,0.229,0.949,0.0845,0.429
1No2I2TNhCXDNovL5O7ang,7,0,4,185828,155.027,0.382,0.814,-8.646,0.0461,0.145,0.884,0.161,0.178
3khOPHQQ5lfrugRKPJ9kXM,2,0,4,180480,124.962,0.499,0.664,-9.858,0.0364,0.0304,0.784,0.0716,0.0389
6enLk2V2s0M6D6PGLjHxYv,7,1,3,133378,128.025,0.32,0.621,-12.207,0.0563,0.0429,0.896,0.0802,0.319
7zY46aSULMG2pDG2fMlaI7,8,1,4,332373,82.967,0.19,0.169,-18.08,0.0365,0.9,0.617,0.102,0.0367
2pSMjadGmWcUbIF5eqLUxE,4,0,5,250040,120.942,0.175,0.399,-14.865,0.0501,0.473,0.959,0.0799,0.069
2wbN4OiwGcUXXpR6xKkugA,2,0,4,241560,83.532,0.15,0.278,-16.605,0.039,0.694,0.959,0.107,0.0367
7KDqtGksJeOyjxXOaQP3aw,6,1,5,177267,74.038,0.0899,0.162,-17.184,0.0427,0.936,0.986,0.0689,0.0308
63njuKXGU3MFWrciXhcsOm,10,0,4,258093,90.042,0.174,0.618,-11.215,0.0616,0.312,0.899,0.108,0.0719
6pvrI3mB6OWCuO9cYwEwm0,0,0,4,98099,85.676,0.303,0.526,-9.915,0.0314,0.303,0.854,0.0743,0.575
1j9hygHMlSWI9PlopV0uqI,2,1,3,184747,110.097,0.341,0.542,-8.361,0.0526,0.0794,0.956,0.137,0.0635
6WtGYhmAmMcrIr6sj86FDC,5,1,4,252160,87.983,0.556,0.464,-9.812,0.0356,0.121,0.931,0.11,0.0392
3yLvuPdRKQbVsyNXTiYte7,7,1,4,235600,150.011,0.457,0.429,-9.757,0.0391,0.0435,0.00812,0.116,0.0514
7yCMfyG3lK6GEps2vyTzeb,2,0,4,624453,79.776,0.0767,0.291,-16.508,0.0489,0.579,0.921,0.0998,0.0604
5umoZmJLW98rlImZulfLp5,0,1,4,169067,102.592,0.249,0.228,-15.678,0.0388,0.13,0.846,0.276,0.139
14NE9H2mqNnzTPrAKQt479,2,0,4,134373,91.562,0.275,0.485,-11.743,0.0494,0.0513,0.778,0.481,0.0424
1ZYdMjrtmthq5HlJGVjBOa,7,0,4,172893,79.958,0.366,0.492,-11.381,0.0438,0.787,0.855,0.0998,0.14
5brtQvbDVtJu6rTxlR5UUh,9,0,4,192162,124.988,0.467,0.612,-11.231,0.0328,0.104,0.809,0.0774,0.0397
1l384GdARpY8zq1V3bdcuC,1,0,5,178623,87.052,0.191,0.704,-10.527,0.0504,0.0349,0.748,0.1,0.0654
4NHE52f55OfeuL9diuHjHQ,5,1,3,210659,149.955,0.332,0.421,-11.127,0.0424,0.539,0.92,0.115,0.148
1Zf4Nf7ycDHdiDyoGSluZ3,10,0,4,186415,76.602,0.203,0.289,-12.832,0.0337,0.727,0.914,0.517,0.076
74KsePP5aYvkpqztyZpxBI,10,0,4,320055,179.92,0.304,0.418,-12.662,0.0321,0.934,0.987,0.0807,0.17
3eYVGPksJfBAEVXbbmOoBH,10,1,4,224151,120.533,0.332,0.4,-15.979,0.049,0.823,0.995,0.0844,0.116
73VQOYTTsYxZACAjmL6qH2,7,0,4,267446,116.705,0.245,0.667,-13.133,0.0762,0.718,0.986,0.089,0.0421
0pqkiDzXkGrD29paoiam3c,7,0,4,305750,80.007,0.299,0.534,-11.808,0.049,0.623,0.427,0.148,0.0886
6asK7v0Vxqf5gxdYRDt4WQ,10,0,4,209000,139.977,0.377,0.154,-22.849,0.0338,0.915,0.839,0.14,0.0544
68PiDQalK1uaP8zqrFmSzR,11,0,4,275301,140.011,0.3,0.522,-13.177,0.0361,0.0473,0.0897,0.144,0.222
7cDf3J377DefBaxJxJM43v,7,1,4,265293,122.802,0.287,0.44,-13.345,0.0421,0.0088,0.0171,0.159,0.0391
5hJYkCht6O86MUeruTm9x2,6,1,3,239000,156.994,0.282,0.655,-12.449,0.0492,0.000396,0.113,0.109,0.121
5KWn8ERNKyxEYKs2LoSHwY,8,0,4,301163,89.999,0.417,0.394,-14.679,0.0365,0.0308,0.637,0.285,0.179
4gjcRdwlZzPpulrf3jprfo,5,0,4,169963,121.221,0.175,0.374,-15.719,0.0455,0.0258,0.671,0.0887,0.033
726YLrl73tOJqw1IdylN7I,1,0,4,298856,139.994,0.416,0.689,-9.812,0.0285,0.00435,0.772,0.0932,0.0687
1gibhhJrLxjvgd8kohPFIY,4,0,4,240011,99.998,0.559,0.818,-11.273,0.0449,0.111,0.87,0.109,0.052
53MWTIFcZAFATFxp12sgEf,8,1,4,146645,63.722,0.296,0.619,-10.607,0.0515,0.0461,0.917,0.211,0.125
0fOG6khFYwmGn3SL08SikO,2,0,4,178909,98.899,0.292,0.497,-11.229,0.0411,0.708,0.974,0.0684,0.038
0KKny5zeW9kkUh3gy8dyw0,7,0,4,181120,66.033,0.189,0.319,-13.694,0.0309,0.256,0.953,0.113,0.129
0QDEQRfdZxT2LgCffCM99a,2,1,3,171294,183.927,0.226,0.519,-13.7,0.0554,0.0197,0.812,0.12,0.0379
1xkz1JwulGxQA0W5RocsQ1,7,0,3,222121,145.048,0.3,0.478,-9.42,0.0409,0.601,0.903,0.099,0.271
6lkDV1HozQgWppsyJKvEyM,7,0,3,135006,159.958,0.37,0.852,-8.257,0.0672,0.134,0.899,0.105,0.036
3sr7vo5jBoEBXDc5oBrjFR,7,1,4,175000,150.059,0.372,0.694,-7.048,0.0314,0.0239,0.453,0.0931,0.251
7v5n18l7GHCF0ibuf0r2Va,9,0,3,167004,150.039,0.444,0.674,-11.225,0.0344,0.748,0.892,0.235,0.533
2NZbORV6d78HWPipW1lzoP,4,0,3,232000,91.977,0.271,0.74,-9.874,0.105,0.21,0.877,0.108,0.0355
2KyGjQjeY1h8uZx5h40BKr,5,0,3,140000,127.087,0.225,0.825,-9.0,0.0478,0.245,0.659,0.175,0.178
6tXtvM9glF9DFlete3EwVY,4,0,3,195000,164.944,0.251,0.853,-7.661,0.141,0.0978,0.885,0.126,0.0539
0xpfSXU2AYZSawN8evbhBC,5,1,5,170000,86.155,0.237,0.498,-10.529,0.0309,0.736,0.883,0.141,0.195
7xyTwfEZREkNAajaaAAZRN,0,0,3,155912,129.733,0.25,0.788,-7.263,0.0574,0.0444,0.919,0.0904,0.0344
5ugCgHftDye3SLUM8tSVH0,2,0,4,110627,120.044,0.617,0.477,-9.699,0.031,0.921,0.848,0.122,0.342
11wKe8bZjcb3npZX6aAcXi,1,1,4,182022,127.982,0.37,0.219,-19.093,0.0384,0.688,0.897,0.0743,0.0611
5zSlMvUxdmYXTSqeVwWaBg,2,0,3,717373,96.566,0.196,0.423,-11.821,0.0354,0.0221,0.0961,0.954,0.146
64q5EfFKR9hYJ1FHqSClxe,7,0,4,247400,110.877,0.169,0.222,-15.954,0.0356,0.528,0.964,0.107,0.0397
6ZFbXIJkuI1dVNWvzJzown,7,1,4,275547,126.622,0.221,0.0879,-16.996,0.0381,0.155,0.698,0.0869,0.0401
7uhc5ZnEe8gHVvoye4A7Ic,7,0,4,195640,150.126,0.153,0.393,-17.122,0.0493,0.811,0.918,0.115,0.0399
4u4VElxO7JM4IR4jR4TL1s,0,0,4,326773,79.262,0.103,0.384,-16.401,0.0556,0.549,0.897,0.111,0.0747
1hQMzVXdoDZXcO16GOhWc5,7,0,3,153027,80.016,0.392,0.492,-14.757,0.057,0.572,0.959,0.109,0.175
4AD2dterIUjNt1LFNI9Bvi,10,1,4,90427,70.425,0.453,0.695,-10.953,0.0554,0.0223,0.962,0.117,0.126
2uEgFeRu6njygce2ZyOWA8,8,1,3,146613,146.059,0.329,0.546,-8.186,0.0284,0.00241,0.868,0.129,0.173
0JoI0MEdwYwej5Rdmw8qRc,0,0,4,181525,116.215,0.363,0.585,-7.819,0.0381,0.0917,0.772,0.361,0.157
5n4dHCWjvGJtuFSZIyeqWp,2,0,3,200392,92.268,0.232,0.871,-8.761,0.149,0.425,0.971,0.0474,0.174
3AO9yRWKckAxlE5FuLeJyn,9,0,4,135601,103.999,0.378,0.638,-7.493,0.0296,0.00162,0.949,0.119,0.0527
6tRXfCfNdcAMICHdQerIuu,2,0,4,139982,110.028,0.465,0.879,-6.155,0.0534,0.00124,0.831,0.306,0.173
4fCrXuvUtqeY6Hf7J6dSM8,9,0,3,207350,99.956,0.429,0.312,-11.468,0.0342,0.628,0.909,0.209,0.0766
1j7GxBZfaXszszNvbQuL7u,3,0,4,172455,83.01,0.109,0.448,-10.181,0.0316,0.767,0.808,0.143,0.0859
2k2Pwkt3Fqowcve91PiH4g,5,1,4,201793,138.086,0.415,0.922,-7.043,0.0819,0.00182,0.854,0.0888,0.226
4boaU9XaS1g6U1nV4lEsMl,2,0,4,175595,115.048,0.545,0.709,-6.825,0.0347,0.461,0.938,0.119,0.165
1l2g97tNnO52U1IS0y9GRL,8,1,4,325027,102.916,0.312,0.497,-8.389,0.0367,0.55,0.945,0.0802,0.0585
1gjUBLiGk3MdFksH3aRMax,3,0,4,151408,119.877,0.315,0.422,-12.209,0.0389,0.00573,0.94,0.11,0.0386
4qxQreMZwLWqfrD9e2dZoz,1,1,3,275817,104.976,0.36,0.918,-8.996,0.109,0.022,0.92,0.274,0.289
34x22hY9CKf3ZoPjQwZSgc,5,1,4,132103,116.97,0.453,0.928,-7.773,0.062,0.0627,0.907,0.0605,0.304
0G8iyOJFQ8Wvm4Fe6xjQdr,5,0,4,113837,159.953,0.404,0.872,-8.72,0.0386,0.000389,0.839,0.132,0.86
29gW6N4TtGhpkYmYwhRvDL,2,0,3,534747,180.12,0.166,0.786,-7.261,0.0531,0.0608,0.947,0.0878,0.313
1PdmMZoKB3lUyihCR37eUL,7,0,4,192407,151.006,0.544,0.883,-8.79,0.0391,0.258,0.622,0.102,0.413
3pTNVDJpzaLxiZnbC18SMX,2,0,4,154858,79.989,0.427,0.968,-4.517,0.0574,0.244,0.864,0.121,0.358
06AMpcajziFnEKniV25fiU,2,0,4,330579,130.055,0.443,0.822,-5.656,0.0508,0.00997,0.107,0.0889,0.361
2jn89xTHIVsy167uOmAewt,2,0,3,266366,161.073,0.136,0.462,-10.982,0.0367,0.0945,0.936,0.119,0.112
1YtHpYEbbfQQIyxXkdxEoW,7,0,3,169715,109.98,0.441,0.934,-6.766,0.0482,0.0395,0.96,0.15,0.374
2F9xBxKbx2M0pbgtSu8fLf,10,1,4,320467,119.993,0.503,0.917,-6.111,0.0649,0.00903,0.326,0.162,0.266
4JtvyWkWQTPVcroZf8JJkp,1,1,4,117395,135.047,0.403,0.591,-8.126,0.0514,0.511,0.896,0.108,0.192
29mVc6JEoHcHrTzJGSTuz0,5,0,4,274240,75.915,0.144,0.327,-13.468,0.0467,0.556,0.865,0.116,0.123
42yMvazlNupMd9rTdsKw3U,7,1,4,211000,155.046,0.409,0.892,-4.178,0.0567,0.000297,6.16e-06,0.13,0.233
071qZ9lL7h6ULW1WNgQjE3,0,0,3,193880,183.974,0.315,0.911,-4.136,0.056,4.28e-05,0.0,0.369,0.38
1ZiH8O9Y25AjxM4a25KNzn,5,1,4,224973,103.712,0.266,0.813,-5.536,0.0659,0.0347,0.0,0.108,0.208
4jkyyMRcSuj3IMFqYJFKnj,4,0,4,260027,100.013,0.411,0.531,-5.836,0.0271,0.291,0.000554,0.0913,0.176
5reXEnuVSos1P4I3xpNY1A,2,0,4,251653,82.944,0.468,0.921,-2.548,0.0405,0.0131,0.00359,0.399,0.333
2JPYNZOWzjiuaEek4AjJNu,3,0,4,209933,178.056,0.351,0.751,-5.889,0.0642,0.00413,0.0,0.181,0.208
7E23KVVacUy7IXPwF60iZG,11,0,4,249600,95.005,0.431,0.968,-4.969,0.0773,6.42e-05,0.0549,0.117,0.439
4RR2HeiAb6LP2WufC6dxv5,7,1,4,968854,170.048,0.314,0.95,-3.412,0.0736,0.000664,5.68e-05,0.0857,0.0977
6KRwBFCHNDfyY5SdO4AJWj,0,1,4,304147,110.041,0.41,0.821,-4.487,0.0327,2.51e-06,0.0533,0.378,0.291
3jbkd7iOw6xtoucdNplIMR,7,0,4,366667,145.028,0.534,0.977,-2.674,0.112,0.00203,6.03e-05,0.3,0.287
4jYEyc4XjI0nrY1bCLf8BO,0,1,4,897067,162.971,0.22,0.89,-4.163,0.0539,0.00733,0.00207,0.0949,0.236
1Z2FFlqfZ9fKtcKg4QiG9x,8,1,4,265173,130.038,0.54,0.921,-4.401,0.0549,0.102,2.81e-06,0.142,0.303
3inuafyrtfbh2g30IFRdip,10,0,4,325960,115.987,0.546,0.738,-5.264,0.0288,0.00528,1.34e-06,0.12,0.192
6idfVMlyAswOdAhKunEouq,4,0,4,311347,94.982,0.555,0.982,-3.411,0.0604,0.00152,0.000159,0.314,0.171
0EivPFvxrR26a4JH7wOyJH,11,0,4,235107,150.036,0.433,0.962,-6.151,0.124,0.000123,0.441,0.0908,0.333
6CeCOC2zx1qS8mQNYHe6IM,2,0,3,130293,146.472,0.177,0.0188,-29.484,0.0367,0.957,0.446,0.635,0.0819
2wx2heKxubzI6hb2niJ7JV,8,0,4,233533,105.61,0.326,0.959,-3.063,0.11,1.96e-06,0.783,0.181,0.371
1W7OV3qVZzEQMU5JlkVRYN,10,1,4,220680,82.507,0.436,0.833,-6.365,0.0519,0.000369,0.00199,0.239,0.399
5g84zGPGZIO9MKnWhSnz2b,4,1,4,768840,94.979,0.27,0.941,-4.293,0.112,0.00509,0.00055,0.139,0.0401
4YUEZ2pTMo0WGPQUK6hdzk,7,1,4,244240,138.023,0.454,0.947,-5.129,0.105,0.000115,0.617,0.1,0.365
7Anj4n9vIB4PijqfQjndVG,11,0,4,337747,148.024,0.385,0.931,-5.852,0.0945,2.98e-05,0.0395,0.903,0.321
5IzZpz0vA73IIjqFPpXSXP,2,1,4,256920,125.01,0.54,0.608,-8.498,0.0508,0.00182,0.76,0.106,0.0389
2FweCwLyINI1VIfLKybH5c,9,0,4,119988,97.363,0.643,0.3,-19.834,0.0268,0.813,0.902,0.11,0.861
09FeZUjY1i9oAZbIa8jDuc,9,0,4,191333,102.25,0.677,0.396,-15.001,0.028,0.193,0.952,0.262,0.843
2p434ilCyHR20tLRx20bfA,9,1,4,136600,95.024,0.48,0.976,-4.53,0.051,3.1e-06,0.191,0.129,0.385
3rTk7Ll8NRrd2jspBFtimV,7,1,4,115680,128.084,0.472,0.965,-4.867,0.0497,1e-05,0.886,0.173,0.364
66rznC5oKL5eAmwj9Wzipc,9,1,3,119293,110.163,0.331,0.809,-4.633,0.0438,6.83e-06,0.49,0.141,0.149
74OqfDdUQZWliXlNK0DqDD,9,1,4,107453,129.981,0.484,0.962,-4.82,0.0508,0.00011,0.878,0.261,0.514
4FGatgfUBB3gqrmz1F6n41,4,1,4,174413,146.006,0.396,0.946,-5.125,0.0762,3.62e-05,0.452,0.384,0.0749
7JoZiEMrwjpD18krCV8Czo,2,0,4,152347,110.008,0.462,0.9,-3.578,0.0393,2.93e-05,0.905,0.312,0.366
0uCR2kewX1afC2Rgztm1ZN,3,0,4,349067,126.833,0.503,0.973,-6.68,0.0639,8.13e-05,0.00157,0.65,0.419
56kaK6tAfATdNjavJwthsN,8,0,4,306587,159.598,0.214,0.919,-3.51,0.0585,8.56e-05,0.000179,0.108,0.231
3eSgzedvNKdWlQIXJZrCHT,3,0,4,266693,116.026,0.493,0.749,-7.453,0.0388,0.00814,0.0842,0.0789,0.335
52uxeSmb8CpcKoZNicaEat,7,0,3,317520,103.452,0.335,0.931,-6.604,0.0794,0.000218,0.779,0.0647,0.229
0rAIr2JjJ4JoYHK7v4QRJe,11,0,4,294646,113.219,0.454,0.809,-6.886,0.0654,0.000341,0.00563,0.0864,0.236
2FwWKyXbljzNHiAKplsUtY,4,0,4,384413,172.041,0.406,0.941,-8.151,0.0615,1.47e-05,0.0533,0.179,0.291
2Znop8Di1Ui0KFH6JIPBVV,1,1,4,244573,90.047,0.53,0.963,-6.979,0.0511,0.000422,6.72e-06,0.0622,0.416
6U9uy1SGkbGTmu5dktRl8b,3,1,4,309827,152.106,0.449,0.852,-8.261,0.0432,4.55e-05,0.0146,0.246,0.416
1Ekn40vhRVubeR3JNRPjWr,7,1,4,293253,140.043,0.455,0.955,-5.364,0.0851,0.0011,0.00169,0.106,0.248
3HVtfdePQYursHRJ5EMb5H,0,1,4,280333,128.034,0.455,0.903,-4.672,0.0392,0.000232,0.000459,0.0733,0.398
1bGs0xiAlMdKBpNSOq7Z9F,8,1,4,247399,82.536,0.449,0.679,-9.094,0.0335,0.000687,0.0307,0.113,0.316
2VD7zogy65e8YmlRIBcXoV,6,0,4,192240,120.041,0.543,0.859,-2.848,0.0361,0.0844,0.0445,0.243,0.213
6XcdrbCxBXDxFgUcX4Pjrv,5,0,4,267703,144.187,0.416,0.658,-7.93,0.0495,0.0108,0.0,0.921,0.23
1nTvy7bpjFzyuqhtkLj0J7,11,0,4,270414,142.062,0.407,0.905,-6.238,0.127,0.00012,0.0127,0.328,0.304
5dW3RCPYN0XjsWaj1Ge74o,11,0,3,279653,92.5,0.474,0.859,-5.613,0.028,7.44e-05,1.08e-06,0.0714,0.548
3r3KRYYOFjNGD4OJB5ddam,7,0,4,258978,100.044,0.472,0.658,-4.971,0.0256,0.0244,0.000146,0.195,0.113
40FqYHVkMkslLNN0J5QntU,4,0,4,252133,145.542,0.431,0.958,-3.604,0.0537,1.84e-05,0.521,0.29,0.429
4o0UR9ah0c2mXaTtq75ZOZ,9,0,4,329160,126.098,0.515,0.803,-8.609,0.0447,0.000957,0.00318,0.0904,0.351
3PINzZLswXX4B5J4FrBmrc,5,1,4,274563,139.984,0.325,0.893,-8.158,0.0901,0.000178,0.000369,0.0566,0.323
5UlVP9eewIYpqewZv6kToz,4,0,4,289010,148.008,0.515,0.739,-9.255,0.0352,0.000321,0.000154,0.0718,0.487
5oAvb7LpUBwQfBtQ6hmS4Q,5,1,4,287000,127.969,0.576,0.588,-9.553,0.0308,0.0124,0.000177,0.148,0.316
3HCzXf0lNpekSqsGBcGrCd,4,0,4,307533,139.968,0.492,0.959,-3.721,0.064,0.00065,0.00013,0.0524,0.558
11lYFIK1EPtrYLvdjHCa5C,5,0,4,330743,156.166,0.474,0.898,-9.293,0.0429,0.0012,0.0614,0.0884,0.613
4qTS7lHi2MDoxlO3LAwf2l,3,1,4,423993,152.02,0.296,0.859,-4.511,0.0698,0.000203,0.0996,0.0734,0.411
7Ce61NyQM0XfGbVHSUBBOG,11,0,3,305972,167.797,0.399,0.681,-10.399,0.0431,0.295,0.000269,0.156,0.343
0sbrHwbICNCN5xoyUoqvnp,3,1,4,347402,174.954,0.347,0.862,-3.777,0.0502,0.00066,0.0259,0.0746,0.146
1sXdW94CrEIrYdbfON4Sxt,2,0,4,231445,127.98,0.558,0.859,-3.992,0.0421,0.00469,0.00196,0.0831,0.31
5sDDSdsBa15i2IDhJ7HsYV,7,0,4,834691,145.038,0.385,0.723,-6.205,0.0402,0.00935,0.0244,0.11,0.191
2eb7CCKCTALv1EgNa6FHP8,0,0,4,276121,125.015,0.486,0.673,-8.686,0.0339,0.00274,9.43e-06,0.0426,0.428
5dyQ8spGuggi5RBqhkUToy,5,0,3,602080,100.969,0.442,0.779,-5.392,0.0394,0.00969,0.000539,0.113,0.203
2VvmryAbIRod1FwZHtwqC5,0,1,4,243213,79.512,0.438,0.936,-6.465,0.0533,9.68e-06,0.029,0.47,0.58
2WmbbiWfFEKsSZe6E5GeVe,5,0,4,248707,131.891,0.431,0.829,-7.713,0.0491,7.33e-06,0.03,0.086,0.356
5SNDGulFALe3DpSbuYarl7,7,0,4,282933,147.806,0.394,0.873,-7.097,0.0594,0.000518,0.000158,0.277,0.25
53f1Zi9zTs0nw5DwzR0mQx,7,1,4,259733,141.924,0.419,0.865,-6.387,0.0527,2.04e-05,0.00295,0.355,0.374
0Zy7VPc6nbt5oZ44RjMNWt,5,1,4,263398,80.05,0.48,0.917,-8.867,0.0629,0.000338,0.0204,0.0702,0.296
5EGh7JiX79SeHn9J1yn2UX,9,0,4,372560,121.951,0.546,0.862,-7.602,0.0743,0.00057,0.126,0.393,0.221
3qFsibY9tB31xwjVox71I6,5,1,4,226400,144.062,0.552,0.906,-3.401,0.0671,0.0408,1.57e-05,0.0802,0.44
4sIWOzf7LxpuGInB68CrLl,4,0,4,287425,105.001,0.51,0.929,-2.656,0.0496,0.0133,0.00189,0.324,0.314
3DOlNrpMJdaIsLQv58WjEq,2,1,4,236067,171.921,0.392,0.915,-4.169,0.0481,0.00655,0.0,0.383,0.153
0xH1fLkjvRL7jOMsH2ZJ6p,6,0,4,249826,177.618,0.454,0.904,-8.859,0.0624,0.000488,0.0183,0.376,0.647
4S9y65l2zi5dhsGZpSY2nM,10,1,4,697053,162.008,0.356,0.934,-5.188,0.0565,0.00114,0.00113,0.12,0.284
1ThpRiisM7LPZOojNXWZug,5,0,4,240840,90.016,0.452,0.889,-5.504,0.0604,0.00197,0.0,0.132,0.536
3V417nSM4Ilh0Tt5CqustV,1,0,4,272292,86.953,0.469,0.743,-5.57,0.0272,0.00222,0.000111,0.276,0.481
7yV3poLov8f1L50kA1ciwe,7,1,4,242360,194.968,0.328,0.948,-8.22,0.071,3.59e-06,0.000573,0.321,0.171
1OnHhrSLOvIKhNcvkltO4i,4,0,4,309460,175.009,0.352,0.991,-1.016,0.106,1.9e-05,0.00242,0.391,0.143
5WDroVCEVjLayAJoqeuMR7,9,0,4,459747,184.768,0.217,0.978,-5.037,0.244,0.000618,0.000232,0.704,0.115
4zgkpHxyIkweE7MtsEEaeF,11,0,4,225147,150.211,0.438,0.988,-4.48,0.253,0.000289,0.0,0.231,0.255
0ig3QjbjcfO5p0WUayh26Z,6,1,4,272413,159.978,0.444,0.972,-6.387,0.0699,0.000671,0.0,0.114,0.457
10o6BGDhc8iLqYYpyL9bmP,6,1,4,282200,129.987,0.468,0.92,-4.929,0.0667,0.00385,0.0,0.0533,0.391
2VTH707DBpLSwVfaTeVk1N,5,1,4,249933,159.992,0.441,0.992,-1.585,0.167,2.23e-05,9.83e-05,0.0556,0.214
3Z5LF0tr9LeunxtTliHNDT,3,0,4,290133,84.986,0.472,0.956,-6.435,0.058,6.43e-05,6.87e-06,0.297,0.482
5UmN0NSnwCeC6J6tocGfQe,7,0,4,283898,170.006,0.42,0.981,-0.902,0.0667,0.00207,0.00132,0.108,0.371
0a77u4qtqfX7OI8WW92Kc4,4,0,4,350587,170.037,0.411,0.984,-1.323,0.0913,1.15e-05,0.000468,0.365,0.132
6wgRLSmOFied7jdg1h6z0r,4,0,3,288827,164.879,0.386,0.956,-2.27,0.114,0.000197,0.00247,0.207,0.189
4r6skeDcmcJd00nFjwYXbw,6,0,4,218587,105.011,0.565,0.989,-1.557,0.101,1.43e-05,0.000104,0.284,0.236
4Z44GYuMNFRHzoGowlp4ww,2,1,4,231148,119.993,0.571,0.883,-6.896,0.0413,0.0001,0.000467,0.159,0.462
0zRzEkNEBpYls87sEnbBWG,5,0,4,403440,132.114,0.422,0.963,-3.827,0.0954,7.98e-06,0.000152,0.351,0.214
1fKaObKEtnVZrnhcqqLKAx,4,0,4,236156,126.003,0.59,0.914,-4.226,0.0743,0.0184,1.53e-06,0.106,0.403
2cyJkqB2OYHwWWvKGtrJ0r,1,0,4,206563,136.035,0.466,0.912,-5.141,0.0466,7.75e-05,0.00294,0.284,0.661
6IYrxDpz2HPRPfPUd0dSwr,3,0,4,614738,120.155,0.406,0.917,-6.906,0.0594,0.000162,0.0425,0.116,0.117
20JQURYIb4mL30kr0rIloU,3,0,4,230707,156.187,0.181,0.927,-3.702,0.0623,3.18e-05,5.07e-06,0.0849,0.249
5ZaPLI4eUmxw6l8eQAWTkO,7,1,4,439640,90.131,0.29,0.982,-2.358,0.0841,7.93e-05,0.0,0.316,0.366
6G1r9YfIWGGnhg240AU1o1,7,0,4,306047,122.012,0.484,0.941,-4.594,0.0753,0.000615,9.06e-05,0.276,0.2
5rjuNyqwSujN6VbXXhn5Tt,6,1,4,116332,123.468,0.175,0.87,-4.868,0.0458,4.47e-05,0.799,0.178,0.46
7fvYfzp2PY26j3pT9qGck8,10,0,4,233493,126.035,0.512,0.927,-7.038,0.0768,8.94e-05,0.107,0.055,0.276
7xztn1K8Yo72351RxFcF8L,11,1,4,857800,151.723,0.24,0.804,-6.037,0.0461,0.0033,0.00014,0.115,0.146
0zJzzL0SonTWN6ziueYcol,8,0,4,254533,61.909,0.34,0.282,-10.296,0.0288,0.884,9.84e-06,0.181,0.372
0wC8UdkflVFiR95fL55Uzd,8,1,4,230160,199.948,0.357,0.944,-5.327,0.0493,8.49e-06,0.000308,0.561,0.496
6EMTWm0HgzsvJiQQOqObEQ,0,0,4,370187,136.534,0.481,0.878,-4.734,0.0552,0.0262,0.00211,0.282,0.401
5WEqHNtlbM2mv4k7u9DB4Y,7,0,4,383627,72.39,0.19,0.859,-5.297,0.064,0.000181,7.15e-05,0.351,0.153
7iOSeHfKU2EhSKcX7TbjKG,2,1,4,304596,146.007,0.491,0.95,-6.719,0.059,3.24e-05,1.75e-05,0.0698,0.497
7HFcQTJxiiwTxrdvUIrWJk,4,0,4,255222,174.069,0.355,0.988,-5.394,0.0772,1.25e-05,0.381,0.194,0.331
7JIESJ31lSor1CO4W1expA,1,0,4,233907,88.22,0.399,0.95,-5.403,0.11,0.00426,0.0028,0.158,0.213
1KCDsPKFISNM2YZFFAoI7s,1,0,4,218080,143.076,0.468,0.933,-4.658,0.0685,0.000532,3.36e-06,0.119,0.392
1yb0ulObNi9etVvNQ5ant9,6,0,4,202720,145.996,0.5,0.93,-3.847,0.0597,0.00052,4.83e-06,0.245,0.547
2ZUUturolW3VpzXWzPEy2X,1,0,4,265720,87.955,0.235,0.968,-4.758,0.0901,0.000224,0.0,0.225,0.277
3pWvRhml43vlUrGYlIzLM6,1,0,4,222560,115.727,0.344,0.92,-5.122,0.0487,0.00634,0.0,0.0816,0.505
3k6iqqVUBSBFXP8WLuoiCv,11,0,4,207160,126.972,0.519,0.953,-4.974,0.0863,0.00156,1.49e-06,0.0844,0.152
3kfYw5xWiHc2GQ9QFUAYcu,4,1,4,308893,84.04,0.492,0.809,-4.906,0.042,0.00912,1.78e-05,0.106,0.369
13WXpflDMxnG6FVbxAVzJg,2,1,4,374067,87.995,0.496,0.773,-6.061,0.0284,0.018,0.000298,0.667,0.39
3qGYmYj62bzblhQh2TXHG0,0,0,4,344413,136.092,0.441,0.684,-5.813,0.0324,0.0161,1.97e-06,0.604,0.164
27xTxLLgJdSdFaaqonIh34,2,1,4,235987,113.998,0.591,0.939,-5.128,0.0541,0.00127,0.00044,0.071,0.347
2MqBXL5ujWkSzJkfZq4PfB,0,0,4,345413,136.048,0.409,0.708,-5.871,0.0367,0.0175,0.0,0.389,0.162
2RmQMncH2YYg0FoggBooPj,1,0,4,243293,84.002,0.474,0.935,-5.175,0.0597,0.000294,2.22e-05,0.063,0.229
4HVuyLPE90zk19NYv55dzX,6,0,4,231522,91.998,0.541,0.915,-5.368,0.0312,0.00536,0.000149,0.739,0.676
4zvXVO0SrMYIMHVGdOm0DA,0,0,4,211160,162.034,0.479,0.974,-5.973,0.22,0.00205,0.0,0.113,0.352
32pp58EkLggw3EhgY9nXdQ,6,0,4,29400,153.262,0.445,0.0795,-20.132,0.0319,0.787,0.982,0.603,0.166
2aL4Dr516WsEswstjfnyYr,11,0,4,213512,171.051,0.483,0.938,-5.685,0.0551,0.00132,0.0,0.0689,0.637
1BrgjqSg9du0lj3TUMLluL,0,1,4,206547,127.002,0.536,0.849,-4.702,0.0616,0.00318,0.00197,0.104,0.305
0ePmfd8y7g4zs3E6ew7pDB,0,0,4,202333,95.047,0.404,0.97,-5.853,0.42,0.0257,0.0,0.0741,0.196
4IqRkixgPBoAcZu41eVyeo,7,1,4,355467,84.163,0.483,0.783,-5.971,0.0427,0.0437,0.0,0.344,0.386
6HlcJ8rDBZiIyzrfTkCY8R,10,1,4,215787,175.906,0.403,0.967,-4.274,0.108,0.00233,0.0,0.324,0.391
56evPx2RCixQrS0SynY4eG,6,0,4,282520,152.985,0.492,0.954,-4.574,0.0507,6.65e-05,0.00887,0.258,0.643
0bUgTRe5st6TMbRCEjKezX,7,0,4,235840,104.044,0.519,0.935,-5.656,0.0423,0.00454,0.0,0.0661,0.498
4ZbGXds397GVZFRdv9nDxf,7,1,4,253227,135.035,0.256,0.979,-4.079,0.122,0.0883,0.0434,0.545,0.171
6kiASFX63DwJ7grwKG2HUX,11,0,4,182000,152.002,0.429,0.98,-4.923,0.166,0.00295,1.38e-06,0.0555,0.222
5DbAOJ5dYW5A9xBhkeb33t,6,0,4,250720,62.111,0.437,0.748,-6.349,0.031,0.000699,3.11e-06,0.222,0.59
1xBRGN41DWx2vwNFY5CvGe,5,0,4,181333,95.996,0.546,0.92,-4.83,0.0592,0.00661,3.13e-06,0.904,0.265
4fmr8c3rh0dUKjw14UGfaH,0,0,4,268267,105.026,0.509,0.937,-5.494,0.0512,0.000483,3.03e-05,0.298,0.416
3ZiJwNnZWMSKmUUTvYhIKx,4,1,4,231200,176.213,0.339,0.945,-3.016,0.059,8.78e-05,1.51e-05,0.2,0.466
2VS1jveuhfU7Latlgfh62T,0,1,4,197413,96.954,0.541,0.986,-5.315,0.103,0.00323,0.0,0.105,0.484
3NrV3jk5lXaQ57rmR2b53X,10,0,4,293827,176.129,0.443,0.846,-5.545,0.0499,0.000594,9.09e-05,0.101,0.24
39m87lOMd5ccENPVvAT7gH,6,0,4,313984,95.036,0.505,0.859,-5.546,0.0431,0.00346,0.0012,0.263,0.434
019K6vknNYR1ZYcSsmNd1u,1,1,3,264453,114.977,0.529,0.963,-5.602,0.0618,4e-05,0.0,0.395,0.324
68sLf8iqi43JZVw3eOdzwy,0,1,4,240333,162.999,0.441,0.939,-3.578,0.0385,0.000129,6.63e-05,0.117,0.504
0T0Odnj3dRmmtpEzH4ZFuJ,0,1,4,346800,89.972,0.426,0.942,-3.223,0.0449,0.00713,0.0,0.0963,0.49
327ad2pSh0F1PaEBLGsgf1,7,1,4,247093,114.971,0.519,0.969,-1.05,0.0938,4.78e-05,0.0037,0.294,0.273
16mRTjZWjlcOsDrtXpHQ5e,10,0,4,283880,170.13,0.346,0.906,-4.891,0.0444,0.000279,0.0,0.275,0.424
2WwhDRFzS6WQQEoI3PmzuE,1,0,4,201387,171.95,0.425,0.957,-3.654,0.0498,0.00096,0,0.166,0.599
6W4pRJhZhyO3rz9vTITKRB,2,1,4,353267,124.045,0.448,0.947,-6.658,0.0785,0.000119,0.0201,0.116,0.0835
0PyZiU4DnQ23rUjx01XlIh,0,0,4,215307,109.994,0.466,0.963,-3.759,0.0483,0.000221,0.508,0.425,0.355
05LqlCf6LRnecIdLucOS2C,3,1,4,365000,121.326,0.484,0.573,-5.838,0.0298,0.536,0,0.121,0.0986
2NLnlS4FSDY1dRAhFAsArE,4,1,4,296747,143.997,0.531,0.776,-6.691,0.0508,0.0936,0.000132,0.0863,0.502
5rKn5OB3Ir7KadTw8dh9dL,0,1,4,486373,160.07,0.414,0.805,-8.106,0.0823,0.0987,4.16e-06,0.19,0.399
5yKGD43Lxo76R7hPUEKmvr,0,1,4,236733,184.93,0.288,0.988,-3.624,0.0951,0.000508,5.7e-05,0.152,0.181
3HSnxqENIObfUYnc8Xl9oX,0,0,4,822627,114.454,0.242,0.813,-6.848,0.0528,0.00589,0.00045,0.0864,0.154
7vvbcPlj9bCOyx0gAmESg2,2,0,4,261747,180.002,0.353,0.932,-2.847,0.0549,0.0118,0,0.0609,0.455
2OJXduuY0AMDOeCoeE9a6x,0,0,4,383693,100.065,0.198,0.639,-6.411,0.0335,0.0298,0.00168,0.098,0.166
7BwiDgVmrayvXthN0seZaH,6,1,4,229400,123.287,0.393,0.954,-3.031,0.055,5.94e-06,5.74e-06,0.105,0.574
1PZXFzLYx36TdnCArvKpSo,11,0,4,962120,112.078,0.339,0.82,-7.869,0.0623,0.00524,0.00283,0.111,0.223
3wuJE8WORedAUcIs0gPkSc,0,1,4,257160,123.934,0.562,0.898,-2.255,0.0433,0.00234,0.000332,0.222,0.227
3pYEjxO4xznewAQKYyGBTC,11,0,3,303960,165.039,0.37,0.937,-3.918,0.0855,0.0181,0,0.306,0.508
1HjS3r4G4XvZujbHV1GJ8B,5,0,4,301627,199.987,0.286,0.939,-4.317,0.0529,0.000122,0.00129,0.402,0.435
5JI0zbJ7rSzwSMvMitihjb,5,0,4,370733,119.946,0.248,0.838,-4.867,0.0739,0.00831,0.000166,0.273,0.182
7sZn77gX50fmnPIQaQUzp4,0,1,4,324320,170.054,0.401,0.986,-3.926,0.0915,1.46e-05,0.187,0.33,0.322
0jgURzSaYlGVNbGVbZ4PsO,5,0,4,375053,119.96,0.45,0.817,-5.639,0.0465,0.0106,0.000578,0.109,0.115
26pvnuSUJz5ah3WTVwURJr,8,1,4,285520,95.003,0.461,0.929,-4.411,0.0351,0.000423,0.00161,0.244,0.691
4iOXnD3DFeQg05dxrPYYWX,2,0,4,294227,79.992,0.365,0.601,-5.896,0.0308,0.0551,0.0321,0.0867,0.114
5gjlOiexcRTuB7KUrdsUfO,3,0,4,256267,90.019,0.401,0.801,-5.149,0.0364,0.0379,0.000249,0.158,0.203
6eQFxtuZfFtDWHTdXncEzw,4,0,4,379000,179.812,0.339,0.827,-4.483,0.0398,0.00819,1.66e-05,0.254,0.399
4DyKZHpknOPPBP8e5rIpJM,2,0,4,325480,82.017,0.406,0.956,-5.315,0.0465,0.000493,0.281,0.385,0.327
1TCd8f5eJJwQ3nPd56FVM5,4,0,4,338785,114.982,0.28,0.728,-9.695,0.085,0.223,4.99e-05,0.313,0.147
38GUGRFW4ede7wXqeXOba4,11,0,4,287813,85.002,0.363,0.968,-3.547,0.0647,0.000436,0,0.0486,0.237
6DUPNUwl4TWKkRFFG6xsXz,1,1,4,305693,172.983,0.307,0.951,-4.189,0.0513,3.63e-06,0.000251,0.301,0.164
4IlrrBwWAVFE7YW3H4e10w,0,1,4,266107,180.06,0.411,0.948,-3.979,0.0613,8.4e-05,0.00135,0.393,0.243
5HU9GBtyfexDThWPwInSLg,2,1,4,316550,169.961,0.38,0.967,-3.724,0.0755,0.00187,0,0.0807,0.0681
2Wy6uQOX2y45ooKuQb7Q9B,0,0,4,287027,95.003,0.464,0.955,-3.778,0.0387,0.00524,1.12e-05,0.161,0.451
6NIJhVVafethCw8ohbfSaK,2,1,4,321107,174.903,0.328,0.862,-6.141,0.0537,5.94e-05,1.04e-05,0.0408,0.224
0Wu4dyUdpal2NHN47PeWKa,9,0,4,355177,160.007,0.209,0.975,-3.734,0.201,0.0012,5.41e-05,0.285,0.381
0cEZ1p68dXFoN5diP3aEEV,6,1,4,215249,119.865,0.45,0.993,-4.994,0.139,2.79e-06,0.579,0.156,0.118
5cxp9kjCFyJwzv3lzeX7ku,7,1,4,231573,94.003,0.463,0.962,-6.43,0.0704,0.000233,0.109,0.0906,0.66
5tz5QsHPkv69T1scq2utZZ,4,0,4,252003,170.128,0.238,0.967,-2.602,0.136,0.000213,1.18e-06,0.26,0.58
42ZVk59gT4tMlrZmd8Ijxf,8,1,4,278027,179.956,0.429,0.966,-4.605,0.0733,0.000209,0.124,0.371,0.525
6RJdYpFQwLyNfDc5FbjkgV,8,1,4,245227,173.878,0.404,0.969,-2.938,0.195,8.51e-05,0.0114,0.268,0.29
40rvBMQizxkIqnjPdEWY1v,3,0,4,279213,89.954,0.695,0.876,-4.262,0.0553,0.000996,6.89e-06,0.106,0.941
27sTzAelgljD6Uxp88BqA3,8,1,4,252280,97.553,0.246,0.954,-3.811,0.0975,5.79e-05,0.291,0.126,0.164
7rb8JRuyMqJSBOSoaFMtCY,1,0,4,259173,192.858,0.262,0.991,-5.373,0.167,4.09e-05,0.204,0.15,0.0827
3GvRpPjF9Dby6YOgr8i0cQ,7,0,4,282853,185.025,0.334,0.974,-5.477,0.122,0.000372,0.0507,0.505,0.299
6WkjzMIrqvPIwB87m9Oloi,10,0,4,600853,112.781,0.26,0.946,-6.026,0.13,0.000274,0.865,0.0951,0.169
0dHogHUS4xgLOoFBt0ko1j,0,0,4,220707,95.084,0.48,0.908,-5.466,0.0452,5.45e-06,0.856,0.0932,0.313
4R3jnxlZwFrIMq2YYoFJFi,8,1,4,298693,92.413,0.445,0.966,-5.572,0.0897,7.3e-06,0.866,0.307,0.246
4HOVQhtjFCRGY9PnsLoR86,11,0,4,265824,105.024,0.559,0.975,-4.487,0.105,5.69e-05,0.794,0.11,0.0762
1BTeTig6NS6iRrKdSh57tb,8,0,4,626228,94.989,0.49,0.968,-3.643,0.0728,7.35e-06,0.73,0.061,0.328
721a3JmwV7nGqH5SBSyLDr,0,0,4,304627,98.025,0.403,0.948,-2.404,0.0491,0.000159,0.194,0.149,0.303
4CDZOwU941qu5efmfFn1K2,2,1,4,233960,100.991,0.484,0.988,-2.175,0.0827,0.000128,0.402,0.17,0.273
2KvCLvH4Z749CQOgGSDKpl,7,1,4,255973,115.06,0.496,0.988,-3.444,0.0719,1.63e-05,0.547,0.0339,0.294
1RkksQYUdWcuGqYe3eWdLu,5,1,4,291107,91.024,0.379,0.925,-2.861,0.0572,0.000123,0.0452,0.169,0.36
1pPJ0GsKjszSzlp2JLtrMA,7,1,4,318093,130.0,0.493,0.974,-3.341,0.104,3.51e-05,0.334,0.464,0.234
0x5TiIRvtUWsomumh9s67l,5,1,4,313733,92.022,0.415,0.88,-3.788,0.0339,6.76e-06,0.155,0.254,0.189
5YwzAzs38L7CFEQPlZXFgZ,2,1,4,246640,155.054,0.386,0.965,-4.01,0.0521,5.84e-06,0.681,0.373,0.431
2F16y59M9tCmCkJDZnsek2,0,1,4,279267,143.627,0.178,0.988,-3.634,0.177,1.92e-05,0.863,0.33,0.247
0CgwBMosHG0g1bJRLKf4DW,2,1,4,238227,97.918,0.421,0.959,-3.756,0.0831,2.16e-05,0.775,0.0451,0.288
0DpNNwOcvYQcGdGNezAPN8,2,1,4,284733,93.98,0.444,0.977,-3.492,0.0605,7.66e-05,0.417,0.103,0.413
5ey5UuZfhmeUV8iOQKXihS,7,0,4,243000,104.065,0.422,0.912,-3.111,0.0409,2.72e-05,0.335,0.103,0.336
6e2uLOOroY1cW8Tu97HYfc,2,1,4,334760,143.969,0.422,0.986,-3.817,0.127,3.66e-05,0.791,0.201,0.306
6vzyWQeFSaJCEjfWC1peBZ,2,1,4,227493,95.897,0.392,0.948,-3.465,0.0699,4.15e-05,0.732,0.665,0.289
42kcPmx3bxMU9si9HE4rgr,3,1,4,273707,99.472,0.443,0.951,-3.742,0.0541,0.0013,0.887,0.152,0.271
0TuQ4wmBzjFFewYkYv3Cdx,2,0,4,235867,138.702,0.394,0.971,-3.104,0.0588,0.00115,0.54,0.165,0.335
46f36Ds9aJhDhbQsZajbih,7,1,3,880931,153.637,0.167,0.99,-5.885,0.177,5.1e-06,0.564,0.264,0.118
23pLHGVFWELvxIiw0CQMaX,7,0,4,259173,111.709,0.417,0.976,-3.196,0.0507,0.000275,0.837,0.387,0.638
2z5lSCbzVRMrBpc8jJFSAZ,10,0,4,255713,149.714,0.37,0.928,-4.859,0.115,0.000941,0.346,0.145,0.0965
6OSAKQOiGL9GvWgHqAxEZf,2,0,4,192760,119.013,0.477,0.942,-3.187,0.0607,0.00134,0.525,0.334,0.486
3W8MHyKHBfVjZGzndyWLwY,7,1,4,323736,175.152,0.285,0.88,-4.475,0.095,0.00124,0.000966,0.103,0.0393
5zZ0g9HOZqK0xtemfV82nI,4,0,4,264453,117.99,0.481,0.894,-6.651,0.0553,5.25e-06,0.867,0.164,0.207
7kbLgu3ZU8wdigWyxtqOAB,1,1,4,402885,181.745,0.335,0.665,-6.678,0.0682,0.000419,0.0362,0.112,0.0622
69F2Y4CInUq7fgIsagg87r,11,0,4,274286,126.012,0.528,0.864,-5.702,0.0441,0.000332,0.869,0.0702,0.159
7oxnK2wg8qFv8EXyyxKDJ4,7,1,4,214351,131.011,0.423,0.921,-1.67,0.0734,5.37e-06,0.903,0.179,0.187
2yrh2iC9s9wXbnc9fSCuIn,2,1,4,156129,93.004,0.526,0.927,-4.909,0.0541,6.06e-05,0.831,0.446,0.176
4COR2ZPEyUn0lsbAouRWxA,7,1,3,506763,116.292,0.284,0.722,-8.284,0.0559,0.00461,0.873,0.163,0.0383
693iCZBBhi996wsjAnpY5X,8,1,4,282141,107.982,0.59,0.962,-5.772,0.231,0.000184,0.859,0.0633,0.732
492ebv4twg0VjsMgRwwk8B,1,1,4,280404,120.019,0.53,0.758,-6.729,0.0314,0.00112,0.928,0.195,0.164
4lpIAQKDbcTOkHjl5zwumz,10,0,4,235826,115.138,0.444,0.78,-6.882,0.0486,0.0473,0.897,0.172,0.718
2fMCh2xOtwMt1S8iV2Laok,7,0,4,215040,125.038,0.515,0.889,-1.392,0.0903,4.42e-05,0.894,0.324,0.622
5pnHwLdIvwp1IPXmQJmaBc,11,0,4,257187,95.001,0.461,0.94,-6.494,0.116,3.55e-05,0.0223,0.0992,0.337
5KUwZQugv08t4Fxiyg4m7Z,4,1,4,196547,96.462,0.444,0.872,-4.659,0.0593,0.0165,3.01e-05,0.178,0.389
3f80TBVYnwrheIojjkeXgA,1,1,4,215934,181.959,0.398,0.955,-2.734,0.0617,2.75e-05,0.065,0.0726,0.573
0lP4HYLmvowOKdsQ7CVkuq,4,0,3,231533,182.99,0.179,0.912,-3.881,0.0791,0.0014,0.000294,0.582,0.289
6rUp7v3l8yC4TKxAAR5Bmx,6,0,4,231480,89.342,0.498,0.83,-5.157,0.0421,0.00461,0.0,0.139,0.453
2DezzC1osZwVm3lxIRlrCe,6,1,4,214787,118.28,0.27,0.878,-3.957,0.106,0.00239,0.0,0.0541,0.252
18lR4BzEs7e3qzc0KVkTpU,5,1,4,205613,120.119,0.623,0.93,-5.285,0.0324,0.0141,1.64e-06,0.138,0.287
507bYMYfbm6sUS9iEAaeSd,3,0,4,258333,123.762,0.448,0.61,-2.695,0.0342,0.0102,0.000491,0.135,0.214
0CwYG1UnRmOx8Q1EzElCIL,0,0,4,222067,100.011,0.46,0.796,-4.501,0.0333,0.00107,0.0,0.106,0.182
6BWrIaoodtt7EX6kToWZw0,6,1,4,257693,156.725,0.196,0.85,-3.644,0.0531,0.00034,1.03e-06,0.0799,0.4
5y7NRMui3GLbwj2zBaOqo1,2,0,4,209333,149.864,0.433,0.778,-4.68,0.0371,0.00838,0.0,0.163,0.217
4G2GSsAneHpcG5J8cKGXyw,1,0,4,278813,161.974,0.368,0.824,-4.07,0.0401,0.00943,0.0,0.11,0.12
0c3fJd2HRi6uHWgTljIae5,3,1,4,258253,125.103,0.358,0.75,-3.572,0.0414,8.49e-05,0.0,0.113,0.218
2yXyz4NLTZx9CLdXfLTp5E,8,1,4,216733,107.984,0.533,0.955,-3.708,0.0653,0.000165,1.36e-05,0.38,0.55
4wh0E9OwMCxcaIKTg0Mts9,1,1,4,214853,155.008,0.462,0.89,-4.853,0.0382,2.99e-05,0.00909,0.0685,0.383
60a0Rd6pjrkxjPbaKzXjfq,3,0,4,216880,105.143,0.556,0.864,-5.87,0.0584,0.00958,0.0,0.209,0.4
7CpbhqKUedOIrcvc94p60Y,4,0,4,201960,130.936,0.656,0.932,-3.405,0.0708,0.00347,0.00147,0.144,0.544
4UEo1b0wWrtHMC8bVqPiH8,2,1,4,374453,129.984,0.554,0.949,-4.928,0.0787,0.000318,9.98e-05,0.2,0.233
5NeIONQWJ25uPylJBJiO4c,3,0,4,282947,105.754,0.545,0.753,-4.618,0.036,0.0417,0.0,0.389,0.434
25GC50HslaaruyrKjdu0lP,2,0,4,291427,134.003,0.569,0.883,-4.41,0.0747,8.07e-05,7.74e-05,0.0883,0.373
59TLlOD6sH4cCTSF6ITRkA,5,0,4,218467,91.447,0.467,0.865,-4.158,0.0351,0.000127,0.000339,0.088,0.328
7zAt4tdL44D3VuzsvM0N8n,2,0,4,352427,110.02,0.487,0.949,-4.217,0.0798,0.000429,2.91e-05,0.231,0.406
0wsZSQVVxBEbKivovsPjsz,0,1,4,273507,131.997,0.54,0.901,-5.753,0.0497,3.28e-05,0.0508,0.262,0.396
2FhWJ9h8adNqt8YPjrS4Yl,0,0,4,289480,159.944,0.478,0.827,-3.297,0.07,0.143,2.12e-06,0.0637,0.0888
4xBHZ2Mr0gCdFYXrPZuYXO,8,0,3,167907,113.072,0.458,0.783,-3.226,0.0322,0.346,6.14e-06,0.13,0.224
0snQkGI5qnAmohLE7jTsTn,8,1,3,218933,116.681,0.413,0.873,-4.151,0.0535,0.000264,0.0025,0.204,0.481
2DlHlPMa4M17kufBvI2lEN,7,0,4,210240,127.288,0.419,0.934,-3.908,0.12,0.000278,0.0015,0.132,0.286
6XimI1O15wpfwUdrCnlrxo,6,0,3,225440,94.012,0.495,0.869,-3.48,0.0462,0.0306,0.0,0.279,0.522
5pKCDm2fw4k6D6C5Rk646C,7,0,4,348387,162.115,0.214,0.931,-3.347,0.143,0.000705,3.09e-06,0.0797,0.233
3RptaQ5Xb8WvtpItZ2f9Hi,6,0,4,276147,123.962,0.544,0.69,-5.723,0.0425,0.012,0.0095,0.0615,0.219
7Hr1Ignop7cymbE3FbOtXa,4,0,4,326813,151.297,0.286,0.703,-4.491,0.0348,0.00847,7.39e-05,0.142,0.259
10ASBwZsp7oUUDsJEYz3uS,3,0,3,227107,155.041,0.345,0.929,-4.469,0.142,0.00015,0.00106,0.129,0.181
1XKopm6Ka62xxgI3xIjcRJ,10,0,4,200549,167.093,0.395,0.959,-4.409,0.0632,6.2e-05,0.0447,0.102,0.319
66wcihY2Y8ZSqux6EivMWa,6,0,4,313320,172.224,0.247,0.934,-3.83,0.179,0.00325,0.000398,0.0978,0.151
2DtPEKs3Pj7E06EoWW4vw8,5,0,4,262947,91.018,0.492,0.59,-4.593,0.0239,0.225,2.79e-05,0.0973,0.124
4rHKBn5j54mCXvDDjNTIJ9,8,1,4,242533,139.906,0.548,0.909,-2.501,0.0562,0.000207,0.559,0.311,0.652
28HX0PibeXSL6cfAsvwSgD,6,0,4,263361,120.006,0.505,0.932,-2.894,0.0413,0.00114,0.000179,0.138,0.479
26YgbkXAjVMrR4Wqokh5HN,1,1,4,302240,106.037,0.524,0.883,-4.153,0.035,0.00409,8.85e-05,0.107,0.289
4GBbBy05LoSveNxjKxj26m,4,0,3,336080,95.298,0.203,0.928,-4.838,0.0823,0.00327,0.0,0.355,0.41
7hMy31l6lbdSv8NG4U1LIj,5,1,4,264920,153.927,0.439,0.95,-5.132,0.189,0.014,0.0,0.189,0.379
0lNhWQBiA483reJSVovSWF,1,1,3,334360,173.983,0.383,0.889,-6.784,0.0986,0.000269,0.000491,0.104,0.322
5uDWqYSiWqWTXK9CbAKIA8,3,0,4,249360,144.988,0.452,0.865,-4.502,0.0511,0.00212,0.0,0.281,0.26
4GSjFSK1SM78wPTVbsSB0S,1,1,4,251107,89.885,0.31,0.825,-4.53,0.0563,0.00356,0.0,0.641,0.475
7B8VWIpvmeMkH9TReCkkOH,8,1,4,202587,160.051,0.509,0.855,-4.567,0.046,3.72e-05,5.87e-05,0.0808,0.804
75fAndU7jHOc4iEFR0HcVe,2,0,4,227703,144.946,0.501,0.952,-6.564,0.0851,0.00253,0.0411,0.378,0.474
0vTEksNDRuJxDMLOOgn0fA,11,1,4,253896,108.355,0.305,0.884,-4.869,0.0514,0.0385,7.96e-05,0.974,0.196
6BA3vSZBblrzRssJuylu0l,5,0,4,210573,105.034,0.574,0.976,-4.624,0.0401,5.82e-05,6.16e-05,0.105,0.618
4f8MCwk48D1xUFTAKB19yb,6,0,4,379413,135.0,0.446,0.948,-4.497,0.111,0.000144,0.378,0.266,0.481
3k59feCVkWd93OpplsII3u,0,1,4,208227,90.015,0.495,0.961,-3.599,0.0356,0.000229,3.97e-06,0.338,0.659
06zrgWaxQ22ctdS6cZRV4T,7,0,4,200240,124.994,0.521,0.988,-2.776,0.0756,0.0637,0.0858,0.166,0.389
7y0qx1LS7dZWs8LKyYsGWX,7,0,4,243747,81.524,0.36,0.984,-3.111,0.0703,1.78e-05,0.887,0.167,0.314
5hoIVnFChqhcrVK1CgRiRT,0,1,4,245720,144.942,0.416,0.885,-4.013,0.0589,1.22e-05,0.266,0.237,0.569
5HXaU3tsZrdWTqKVRToU43,11,0,4,299009,124.478,0.308,0.992,-4.546,0.223,0.000701,0.00973,0.202,0.139
1KmeyQfVjX1odybN9aEfWt,2,0,4,249240,107.031,0.43,0.991,-2.837,0.0916,0.000343,0.00249,0.416,0.276
1pPuNbebubVqqZ04QMVpf1,3,0,4,328133,95.944,0.214,0.873,-6.141,0.0953,0.00346,0.00395,0.14,0.123
4wxm46qMm1P7JH1ivm1BQ2,6,1,4,173213,126.331,0.434,0.908,-4.715,0.0936,0.00791,0.0,0.662,0.461
6zo1bJD6CRb4ggVmvGzaBB,8,0,3,284920,179.984,0.318,0.978,-3.631,0.107,6.01e-05,0.826,0.0691,0.349
1kRylWu7SH8ycYGLDUctPe,7,1,4,448213,139.967,0.519,0.969,-4.029,0.105,0.000536,0.000572,0.174,0.151
2k6dU3c2IBotzynOyevHJx,7,1,4,179653,180.061,0.353,0.96,-5.588,0.227,6.17e-05,0.000371,0.926,0.267
1vuiQGVnYN5OpMHwionSrp,4,0,4,293547,115.055,0.48,0.969,-5.897,0.166,0.000107,0.00261,0.14,0.146
2n86OrismQ6NxVOWEDWQI7,9,0,4,325187,160.081,0.177,0.879,-6.765,0.0966,3.19e-05,0.84,0.112,0.204
1lWVWoreT4vPIEedV1XoNS,6,1,4,329827,124.022,0.457,0.686,-8.179,0.0435,0.00211,6.45e-05,0.0846,0.149
68lu5r63e68LlUZ6snJEvI,4,0,4,550027,74.992,0.452,0.86,-6.434,0.047,0.0124,2.39e-05,0.282,0.284
0nLiqZ6A27jJri2VCalIUs,4,0,3,388267,142.352,0.553,0.362,-11.218,0.0263,0.0458,6.01e-06,0.075,0.158
2xKxTcPVOQNYTIiXalKtmV,4,0,4,310500,159.531,0.119,0.951,-3.333,0.0984,0.000305,0.518,0.359,0.241
4fQyDkzZwoALmnezIwvKbl,5,0,4,253067,80.565,0.426,0.961,-4.478,0.0811,4.28e-06,0.877,0.32,0.548
63ZGpU2TOC10e5kBd2OwKH,3,0,4,257133,135.088,0.418,0.721,-6.554,0.0376,0.00122,0.729,0.136,0.0345
5lrAM6zbhEZykjlVABmrsf,0,0,4,325520,130.055,0.441,0.598,-3.71,0.0289,0.125,1.62e-06,0.139,0.0931
58XLTUN2uNbHuHxRvmols3,4,0,4,375898,143.032,0.501,0.655,-6.662,0.0264,0.0175,0.0172,0.0833,0.0854
4veeNpXDK1YRHMTJ1Cppsg,9,0,4,404387,139.983,0.607,0.804,-5.209,0.0296,0.00116,0.0,0.159,0.469
6CJqZRk5w3LIDjA0fSry3t,2,0,4,310773,120.354,0.243,0.24,-12.901,0.0352,0.746,0.477,0.226,0.032
4IT9t6TUlUEjfXorW7qhRI,0,1,4,291307,62.234,0.467,0.442,-7.451,0.0263,0.075,1.33e-05,0.108,0.0787
77f6Z0Jp73rBdTyriiLoDR,11,1,4,245827,120.098,0.462,0.478,-6.813,0.0359,0.00482,3.87e-05,0.0904,0.225
4X3EYOIp6AF1xIAlSO8Rd6,8,0,3,232267,176.181,0.213,0.575,-8.64,0.0343,0.0896,0.944,0.258,0.126
7uWTPqNMZxXi6AgVh00OPz,8,1,4,229027,134.058,0.522,0.827,-4.926,0.0329,0.144,0.0,0.0805,0.422
32GZlsEGw9JPZEfNBiRcge,7,0,4,241627,91.02,0.439,0.676,-6.032,0.0298,0.113,0,0.945,0.104
6Lrw3JD9KV0HrCRuFJDXl2,11,0,4,219376,142.001,0.508,0.891,-4.617,0.0589,0.000486,0.00404,0.0914,0.435
6VVqOsdoqmEr6EUbtaCeSZ,2,0,4,273128,110.471,0.398,0.492,-10.619,0.0289,0.0025,0,0.107,0.0779
69FrkutQvM0kwdcP5oF5UI,3,0,4,287227,120.074,0.337,0.86,-8.215,0.0773,0.000271,7.44e-05,0.0864,0.129
3SgUGLt5pQmVJ5L70EV8iK,0,0,4,380547,128.922,0.59,0.779,-5.101,0.0337,0.00067,5.2e-06,0.116,0.242
03rHMIaoIsrQ3Elkp0KLUk,10,0,4,227840,113.261,0.494,0.834,-7.788,0.0475,0.00233,0.00495,0.0836,0.214
5u8GgqxPZnaD9s3fFhZLDI,2,0,4,452880,123.985,0.444,0.741,-6.596,0.0351,0.00159,0.000542,0.252,0.141
7jeQrf3YHkMBftGajj8Wqm,8,1,4,300347,108.082,0.256,0.838,-6.683,0.04,9.59e-05,0.186,0.124,0.311
0YVSzzCT7biVjTYzFd8uId,8,0,4,308280,146.073,0.485,0.611,-10.56,0.0301,0.0146,0,0.109,0.295
0D6seW4W39KTfWNZlPnytZ,5,0,4,465946,82.558,0.0926,0.885,-5.578,0.0681,1.04e-05,0.792,0.108,0.124
6Qb4UHym7uBDGHRU0LYNjk,2,0,3,774000,150.01,0.349,0.8,-8.014,0.0467,4.95e-05,0.356,0.0971,0.182
5olj6v9yUiolgkmKHOhIkI,1,0,4,346282,132.923,0.436,0.429,-8.763,0.0316,0.085,8.83e-06,0.12,0.118
22mbGl4jUbr7bhqWOzejjt,7,1,3,738000,139.996,0.257,0.92,-7.193,0.075,0.000142,0.622,0.506,0.15
6MlTdTsj4wGCzM4NhMjTgp,8,0,4,313400,107.253,0.501,0.717,-6.404,0.0286,0.00108,0.00866,0.106,0.173
5CHLpFYdL9XIGmfLoImBv6,6,0,4,261293,129.925,0.574,0.793,-3.24,0.036,0.302,8.31e-06,0.104,0.207
